[98.0]
[97.5]
[97.0]
[96.5]
[96.0]
[95.8]
[95.0]
[94.75]
[94.0]
[93.5]
[93.0]
[92.375]
[92.0]
[91.55555555555556]
[91.0]
[90.45]
[90.0]
[89.31818181818181]
[89.0]
[88.41666666666667]
[88.0]
[87.61538461538461]
[87.0]
[86.53571428571429]
[86.0]
[85.5]
[85.0]
[84.5]
[84.0]
[83.58823529411765]
[83.0]
[82.52777777777777]
[82.0]
[81.39473684210526]
[81.0]
[80.5]
[80.0]
[79.61904761904762]
[79.0]
[78.47727272727273]
[78.0]
[77.41304347826087]
[77.0]
[76.54166666666667]
[76.0]
[75.6]
[75.0]
[74.51923076923077]
[74.0]
[73.35185185185185]
[73.0]
[72.46428571428571]
[72.0]
[71.55172413793103]
[71.0]
[70.45]
[70.0]
[69.37096774193549]
[69.0]
[68.5625]
[68.0]
[67.63636363636364]
[67.0]
[66.54411764705883]
[66.0]
[65.47142857142858]
[65.0]
[64.55555555555556]
[64.0]
[63.567567567567565]
[63.0]
[62.43421052631579]
[62.0]
[61.37179487179487]
[61.0]
[60.475]
[60.0]
[59.5609756097561]
[59.0]
[58.416666666666664]
[58.0]
[57.47674418604651]
[57.0]
[56.56818181818182]
[56.0]
[55.644444444444446]
[55.0]
[54.46739130434783]
[54.0]
[53.43617021276596]
[53.0]
[52.541666666666664]
[52.0]
[51.59183673469388]
[51.0]
