8 22.8464487881
0.0	[7.0]
0.0384	[6.04, 6.96]
0.0736	[6.08, 6.92]
0.08	[6.0]
0.1056	[6.12, 6.88]
0.1184	[5.96, 6.04]
0.1344	[6.16, 6.84]
0.1536	[5.08, 5.92, 6.08, 6.92]
0.16	[6.0, 6.2, 6.8]
0.1824	[6.24, 6.76]
0.1856	[5.12, 5.88, 6.12, 6.88]
0.1984	[5.04, 5.96, 6.04]
0.2016	[6.28, 6.72]
0.2144	[5.16, 5.84, 6.16, 6.84]
0.2176	[6.32, 6.68]
0.2304	[6.36, 6.64]
0.2336	[5.08, 5.92, 6.08]
0.24	[5.0, 5.2, 5.8, 6.0, 6.2, 6.4, 6.6, 6.8]
0.2464	[6.44, 6.56]
0.2496	[6.48, 6.52]
0.2624	[5.24, 5.76, 6.24, 6.76]
0.2656	[5.12, 5.88, 6.12]
0.2784	[4.96, 5.04, 5.96, 6.04]
0.2816	[5.28, 5.72, 6.28, 6.72]
0.2944	[5.16, 5.84, 6.16, 6.84]
0.2976	[5.32, 5.68, 6.32, 6.68]
0.3104	[5.36, 5.64, 6.36, 6.64]
0.3136	[4.92, 5.08, 5.92, 6.08]
0.32	[5.0, 5.2, 5.4, 5.6, 5.8, 6.0, 6.2, 6.4, 6.6, 6.8]
0.3264	[5.44, 5.56, 6.44, 6.56]
0.3296	[5.48, 5.52, 6.48, 6.52]
0.3424	[5.24, 5.76, 6.24, 6.76]
0.3456	[4.12, 4.88, 5.12, 5.88, 6.12, 6.88]
0.3584	[4.96, 5.04, 5.96, 6.04]
0.3616	[5.28, 5.72, 6.28, 6.72]
0.3744	[4.16, 4.84, 5.16, 5.84, 6.16, 6.84]
0.3776	[5.32, 5.68, 6.32, 6.68]
0.3904	[5.36, 5.64, 6.36, 6.64]
0.3936	[4.08, 4.92, 5.08, 5.92, 6.08]
0.4	[4.2, 4.8, 5.0, 5.2, 5.4, 5.6, 5.8, 6.0, 6.2, 6.4, 6.6, 6.8]
0.4064	[5.44, 5.56, 6.44, 6.56]
0.4096	[5.48, 5.52, 6.48, 6.52]
0.4224	[4.24, 4.76, 5.24, 5.76, 6.24, 6.76]
0.4256	[4.12, 4.88, 5.12, 5.88, 6.12]
0.4384	[4.04, 4.96, 5.04, 5.96, 6.04]
0.4416	[4.28, 4.72, 5.28, 5.72, 6.28, 6.72]
0.4544	[4.16, 4.84, 5.16, 5.84, 6.16]
0.4576	[4.32, 4.68, 5.32, 5.68, 6.32, 6.68]
0.4704	[4.36, 4.64, 5.36, 5.64, 6.36, 6.64]
0.4736	[4.08, 4.92, 5.08, 5.92, 6.08]
0.48	[4.0, 4.2, 4.4, 4.6, 4.8, 5.0, 5.2, 5.4, 5.6, 5.8, 6.0, 6.2, 6.4, 6.6, 6.8]
0.4864	[4.44, 4.56, 5.44, 5.56, 6.44, 6.56]
0.4896	[4.48, 4.52, 5.48, 5.52, 6.48, 6.52]
0.5024	[4.24, 4.76, 5.24, 5.76, 6.24, 6.76]
0.5056	[4.12, 4.88, 5.12, 5.88, 6.12]
0.5184	[3.96, 4.04, 4.96, 5.04, 5.96, 6.04]
0.5216	[4.28, 4.72, 5.28, 5.72, 6.28, 6.72]
0.5344	[4.16, 4.84, 5.16, 5.84, 6.16]
0.5376	[4.32, 4.68, 5.32, 5.68, 6.32, 6.68]
0.5504	[4.36, 4.64, 5.36, 5.64, 6.36, 6.64]
0.5536	[3.92, 4.08, 4.92, 5.08, 5.92, 6.08]
0.56	[4.0, 4.2, 4.4, 4.6, 4.8, 5.0, 5.2, 5.4, 5.6, 5.8, 6.0, 6.2, 6.4, 6.6]
0.5664	[4.44, 4.56, 5.44, 5.56, 6.44, 6.56]
0.5696	[4.48, 4.52, 5.48, 5.52, 6.48, 6.52]
0.5824	[4.24, 4.76, 5.24, 5.76, 6.24]
0.5856	[3.88, 4.12, 4.88, 5.12, 5.88, 6.12]
0.5984	[3.96, 4.04, 4.96, 5.04, 5.96, 6.04]
0.6016	[4.28, 4.72, 5.28, 5.72, 6.28, 6.72]
0.6144	[3.16, 3.84, 4.16, 4.84, 5.16, 5.84, 6.16, 6.84]
0.6176	[4.32, 4.68, 5.32, 5.68, 6.32, 6.68]
0.6304	[4.36, 4.64, 5.36, 5.64, 6.36, 6.64]
0.6336	[3.92, 4.08, 4.92, 5.08, 5.92, 6.08]
0.64	[3.2, 3.8, 4.0, 4.2, 4.4, 4.6, 4.8, 5.0, 5.2, 5.4, 5.6, 5.8, 6.0, 6.2, 6.4, 6.6, 6.8]
0.6464	[4.44, 4.56, 5.44, 5.56, 6.44, 6.56]
0.6496	[4.48, 4.52, 5.48, 5.52, 6.48, 6.52]
0.6624	[3.24, 3.76, 4.24, 4.76, 5.24, 5.76, 6.24, 6.76]
0.6656	[3.12, 3.88, 4.12, 4.88, 5.12, 5.88, 6.12]
0.6784	[3.96, 4.04, 4.96, 5.04, 5.96, 6.04]
0.6816	[3.28, 3.72, 4.28, 4.72, 5.28, 5.72, 6.28, 6.72]
0.6944	[3.16, 3.84, 4.16, 4.84, 5.16, 5.84, 6.16]
0.6976	[3.32, 3.68, 4.32, 4.68, 5.32, 5.68, 6.32, 6.68]
0.7104	[3.36, 3.64, 4.36, 4.64, 5.36, 5.64, 6.36, 6.64]
0.7136	[3.08, 3.92, 4.08, 4.92, 5.08, 5.92, 6.08]
0.72	[3.2, 3.4, 3.6, 3.8, 4.0, 4.2, 4.4, 4.6, 4.8, 5.0, 5.2, 5.4, 5.6, 5.8, 6.0, 6.2, 6.4, 6.6]
0.7264	[3.44, 3.56, 4.44, 4.56, 5.44, 5.56, 6.44, 6.56]
0.7296	[3.48, 3.52, 4.48, 4.52, 5.48, 5.52, 6.48, 6.52]
0.7424	[3.24, 3.76, 4.24, 4.76, 5.24, 5.76, 6.24, 6.76]
0.7456	[3.12, 3.88, 4.12, 4.88, 5.12, 5.88, 6.12]
0.7584	[3.04, 3.96, 4.04, 4.96, 5.04, 5.96, 6.04]
0.7616	[3.28, 3.72, 4.28, 4.72, 5.28, 5.72, 6.28, 6.72]
0.7744	[3.16, 3.84, 4.16, 4.84, 5.16, 5.84, 6.16]
0.7776	[3.32, 3.68, 4.32, 4.68, 5.32, 5.68, 6.32, 6.68]
0.7904	[3.36, 3.64, 4.36, 4.64, 5.36, 5.64, 6.36, 6.64]
0.7936	[3.08, 3.92, 4.08, 4.92, 5.08, 5.92, 6.08]
0.8	[3.0, 3.2, 3.4, 3.6, 3.8, 4.0, 4.2, 4.4, 4.6, 4.8, 5.0, 5.2, 5.4, 5.6, 5.8, 6.0, 6.2, 6.4, 6.6]
0.8064	[3.44, 3.56, 4.44, 4.56, 5.44, 5.56, 6.44, 6.56]
0.8096	[3.48, 3.52, 4.48, 4.52, 5.48, 5.52, 6.48, 6.52]
0.8224	[3.24, 3.76, 4.24, 4.76, 5.24, 5.76, 6.24]
0.8256	[3.12, 3.88, 4.12, 4.88, 5.12, 5.88, 6.12]
0.8384	[2.96, 3.04, 3.96, 4.04, 4.96, 5.04, 5.96, 6.04]
0.8416	[3.28, 3.72, 4.28, 4.72, 5.28, 5.72, 6.28]
0.8544	[3.16, 3.84, 4.16, 4.84, 5.16, 5.84, 6.16]
0.8576	[3.32, 3.68, 4.32, 4.68, 5.32, 5.68, 6.32, 6.68]
0.8704	[3.36, 3.64, 4.36, 4.64, 5.36, 5.64, 6.36, 6.64]
0.8736	[2.92, 3.08, 3.92, 4.08, 4.92, 5.08, 5.92, 6.08]
0.88	[3.0, 3.2, 3.4, 3.6, 3.8, 4.0, 4.2, 4.4, 4.6, 4.8, 5.0, 5.2, 5.4, 5.6, 5.8, 6.0, 6.2, 6.4, 6.6]
0.8864	[3.44, 3.56, 4.44, 4.56, 5.44, 5.56, 6.44, 6.56]
0.8896	[3.48, 3.52, 4.48, 4.52, 5.48, 5.52, 6.48, 6.52]
0.9024	[3.24, 3.76, 4.24, 4.76, 5.24, 5.76, 6.24]
0.9056	[2.88, 3.12, 3.88, 4.12, 4.88, 5.12, 5.88, 6.12]
0.9184	[2.96, 3.04, 3.96, 4.04, 4.96, 5.04, 5.96, 6.04]
0.9216	[3.28, 3.72, 4.28, 4.72, 5.28, 5.72, 6.28, 6.72]
0.9344	[2.84, 3.16, 3.84, 4.16, 4.84, 5.16, 5.84, 6.16]
0.9376	[3.32, 3.68, 4.32, 4.68, 5.32, 5.68, 6.32, 6.68]
0.9504	[3.36, 3.64, 4.36, 4.64, 5.36, 5.64, 6.36, 6.64]
0.9536	[2.92, 3.08, 3.92, 4.08, 4.92, 5.08, 5.92, 6.08]
0.96	[2.2, 2.8, 3.0, 3.2, 3.4, 3.6, 3.8, 4.0, 4.2, 4.4, 4.6, 4.8, 5.0, 5.2, 5.4, 5.6, 5.8, 6.0, 6.2, 6.4, 6.6, 6.8]
0.9664	[3.44, 3.56, 4.44, 4.56, 5.44, 5.56, 6.44, 6.56]
0.9696	[3.48, 3.52, 4.48, 4.52, 5.48, 5.52, 6.48, 6.52]
0.9824	[2.24, 2.76, 3.24, 3.76, 4.24, 4.76, 5.24, 5.76, 6.24, 6.76]
0.9856	[2.88, 3.12, 3.88, 4.12, 4.88, 5.12, 5.88, 6.12]
0.9984	[2.96, 3.04, 3.96, 4.04, 4.96, 5.04, 5.96, 6.04]
1.0016	[2.28, 2.72, 3.28, 3.72, 4.28, 4.72, 5.28, 5.72, 6.28, 6.72]
1.0144	[2.16, 2.84, 3.16, 3.84, 4.16, 4.84, 5.16, 5.84, 6.16]
1.0176	[2.32, 2.68, 3.32, 3.68, 4.32, 4.68, 5.32, 5.68, 6.32, 6.68]
1.0304	[2.36, 2.64, 3.36, 3.64, 4.36, 4.64, 5.36, 5.64, 6.36, 6.64]
1.0336	[2.92, 3.08, 3.92, 4.08, 4.92, 5.08, 5.92, 6.08]
1.04	[2.2, 2.4, 2.6, 2.8, 3.0, 3.2, 3.4, 3.6, 3.8, 4.0, 4.2, 4.4, 4.6, 4.8, 5.0, 5.2, 5.4, 5.6, 5.8, 6.0, 6.2, 6.4, 6.6]
1.0464	[2.44, 2.56, 3.44, 3.56, 4.44, 4.56, 5.44, 5.56, 6.44, 6.56]
1.0496	[2.48, 2.52, 3.48, 3.52, 4.48, 4.52, 5.48, 5.52, 6.48, 6.52]
1.0624	[2.24, 2.76, 3.24, 3.76, 4.24, 4.76, 5.24, 5.76, 6.24]
1.0656	[2.12, 2.88, 3.12, 3.88, 4.12, 4.88, 5.12, 5.88, 6.12]
1.0784	[2.96, 3.04, 3.96, 4.04, 4.96, 5.04, 5.96, 6.04]
1.0816	[2.28, 2.72, 3.28, 3.72, 4.28, 4.72, 5.28, 5.72, 6.28, 6.72]
1.0944	[2.16, 2.84, 3.16, 3.84, 4.16, 4.84, 5.16, 5.84, 6.16]
1.0976	[2.32, 2.68, 3.32, 3.68, 4.32, 4.68, 5.32, 5.68, 6.32, 6.68]
1.1104	[2.36, 2.64, 3.36, 3.64, 4.36, 4.64, 5.36, 5.64, 6.36, 6.64]
1.1136	[2.08, 2.92, 3.08, 3.92, 4.08, 4.92, 5.08, 5.92, 6.08]
1.12	[2.2, 2.4, 2.6, 2.8, 3.0, 3.2, 3.4, 3.6, 3.8, 4.0, 4.2, 4.4, 4.6, 4.8, 5.0, 5.2, 5.4, 5.6, 5.8, 6.0, 6.2, 6.4, 6.6]
1.1264	[2.44, 2.56, 3.44, 3.56, 4.44, 4.56, 5.44, 5.56, 6.44, 6.56]
1.1296	[2.48, 2.52, 3.48, 3.52, 4.48, 4.52, 5.48, 5.52, 6.48, 6.52]
1.1424	[2.24, 2.76, 3.24, 3.76, 4.24, 4.76, 5.24, 5.76, 6.24]
1.1456	[2.12, 2.88, 3.12, 3.88, 4.12, 4.88, 5.12, 5.88, 6.12]
1.1584	[2.04, 2.96, 3.04, 3.96, 4.04, 4.96, 5.04, 5.96, 6.04]
1.1616	[2.28, 2.72, 3.28, 3.72, 4.28, 4.72, 5.28, 5.72, 6.28]
1.1744	[2.16, 2.84, 3.16, 3.84, 4.16, 4.84, 5.16, 5.84, 6.16]
1.1776	[2.32, 2.68, 3.32, 3.68, 4.32, 4.68, 5.32, 5.68, 6.32, 6.68]
1.1904	[2.36, 2.64, 3.36, 3.64, 4.36, 4.64, 5.36, 5.64, 6.36, 6.64]
1.1936	[2.08, 2.92, 3.08, 3.92, 4.08, 4.92, 5.08, 5.92, 6.08]
1.2	[2.0, 2.2, 2.4, 2.6, 2.8, 3.0, 3.2, 3.4, 3.6, 3.8, 4.0, 4.2, 4.4, 4.6, 4.8, 5.0, 5.2, 5.4, 5.6, 5.8, 6.0, 6.2, 6.4, 6.6]
1.2064	[2.44, 2.56, 3.44, 3.56, 4.44, 4.56, 5.44, 5.56, 6.44, 6.56]
1.2096	[2.48, 2.52, 3.48, 3.52, 4.48, 4.52, 5.48, 5.52, 6.48, 6.52]
1.2224	[2.24, 2.76, 3.24, 3.76, 4.24, 4.76, 5.24, 5.76, 6.24]
1.2256	[2.12, 2.88, 3.12, 3.88, 4.12, 4.88, 5.12, 5.88, 6.12]
1.2384	[1.96, 2.04, 2.96, 3.04, 3.96, 4.04, 4.96, 5.04, 5.96, 6.04]
1.2416	[2.28, 2.72, 3.28, 3.72, 4.28, 4.72, 5.28, 5.72, 6.28]
1.2544	[2.16, 2.84, 3.16, 3.84, 4.16, 4.84, 5.16, 5.84, 6.16]
1.2576	[2.32, 2.68, 3.32, 3.68, 4.32, 4.68, 5.32, 5.68, 6.32, 6.68]
1.2704	[2.36, 2.64, 3.36, 3.64, 4.36, 4.64, 5.36, 5.64, 6.36, 6.64]
1.2736	[1.92, 2.08, 2.92, 3.08, 3.92, 4.08, 4.92, 5.08, 5.92, 6.08]
1.28	[2.0, 2.2, 2.4, 2.6, 2.8, 3.0, 3.2, 3.4, 3.6, 3.8, 4.0, 4.2, 4.4, 4.6, 4.8, 5.0, 5.2, 5.4, 5.6, 5.8, 6.0, 6.2, 6.4, 6.6]
1.2864	[2.44, 2.56, 3.44, 3.56, 4.44, 4.56, 5.44, 5.56, 6.44, 6.56]
1.2896	[2.48, 2.52, 3.48, 3.52, 4.48, 4.52, 5.48, 5.52, 6.48, 6.52]
1.3024	[2.24, 2.76, 3.24, 3.76, 4.24, 4.76, 5.24, 5.76, 6.24]
1.3056	[1.88, 2.12, 2.88, 3.12, 3.88, 4.12, 4.88, 5.12, 5.88, 6.12]
1.3184	[1.96, 2.04, 2.96, 3.04, 3.96, 4.04, 4.96, 5.04, 5.96, 6.04]
1.3216	[2.28, 2.72, 3.28, 3.72, 4.28, 4.72, 5.28, 5.72, 6.28]
1.3344	[1.84, 2.16, 2.84, 3.16, 3.84, 4.16, 4.84, 5.16, 5.84, 6.16]
1.3376	[2.32, 2.68, 3.32, 3.68, 4.32, 4.68, 5.32, 5.68, 6.32]
1.3504	[2.36, 2.64, 3.36, 3.64, 4.36, 4.64, 5.36, 5.64, 6.36]
1.3536	[1.92, 2.08, 2.92, 3.08, 3.92, 4.08, 4.92, 5.08, 5.92, 6.08]
1.36	[1.8, 2.0, 2.2, 2.4, 2.6, 2.8, 3.0, 3.2, 3.4, 3.6, 3.8, 4.0, 4.2, 4.4, 4.6, 4.8, 5.0, 5.2, 5.4, 5.6, 5.8, 6.0, 6.2, 6.4, 6.6]
1.3664	[2.44, 2.56, 3.44, 3.56, 4.44, 4.56, 5.44, 5.56, 6.44, 6.56]
1.3696	[2.48, 2.52, 3.48, 3.52, 4.48, 4.52, 5.48, 5.52, 6.48, 6.52]
1.3824	[1.24, 1.76, 2.24, 2.76, 3.24, 3.76, 4.24, 4.76, 5.24, 5.76, 6.24, 6.76]
1.3856	[1.88, 2.12, 2.88, 3.12, 3.88, 4.12, 4.88, 5.12, 5.88, 6.12]
1.3984	[1.96, 2.04, 2.96, 3.04, 3.96, 4.04, 4.96, 5.04, 5.96, 6.04]
1.4016	[1.28, 1.72, 2.28, 2.72, 3.28, 3.72, 4.28, 4.72, 5.28, 5.72, 6.28, 6.72]
1.4144	[1.84, 2.16, 2.84, 3.16, 3.84, 4.16, 4.84, 5.16, 5.84, 6.16]
1.4176	[1.32, 1.68, 2.32, 2.68, 3.32, 3.68, 4.32, 4.68, 5.32, 5.68, 6.32, 6.68]
1.4304	[1.36, 1.64, 2.36, 2.64, 3.36, 3.64, 4.36, 4.64, 5.36, 5.64, 6.36, 6.64]
1.4336	[1.92, 2.08, 2.92, 3.08, 3.92, 4.08, 4.92, 5.08, 5.92, 6.08]
1.44	[1.2, 1.4, 1.6, 1.8, 2.0, 2.2, 2.4, 2.6, 2.8, 3.0, 3.2, 3.4, 3.6, 3.8, 4.0, 4.2, 4.4, 4.6, 4.8, 5.0, 5.2, 5.4, 5.6, 5.8, 6.0, 6.2, 6.4, 6.6]
1.4464	[1.44, 1.56, 2.44, 2.56, 3.44, 3.56, 4.44, 4.56, 5.44, 5.56, 6.44, 6.56]
1.4496	[1.48, 1.52, 2.48, 2.52, 3.48, 3.52, 4.48, 4.52, 5.48, 5.52, 6.48, 6.52]
1.4624	[1.24, 1.76, 2.24, 2.76, 3.24, 3.76, 4.24, 4.76, 5.24, 5.76, 6.24]
1.4656	[1.88, 2.12, 2.88, 3.12, 3.88, 4.12, 4.88, 5.12, 5.88, 6.12]
1.4784	[1.96, 2.04, 2.96, 3.04, 3.96, 4.04, 4.96, 5.04, 5.96, 6.04]
1.4816	[1.28, 1.72, 2.28, 2.72, 3.28, 3.72, 4.28, 4.72, 5.28, 5.72, 6.28]
1.4944	[1.16, 1.84, 2.16, 2.84, 3.16, 3.84, 4.16, 4.84, 5.16, 5.84, 6.16]
1.4976	[1.32, 1.68, 2.32, 2.68, 3.32, 3.68, 4.32, 4.68, 5.32, 5.68, 6.32, 6.68]
1.5104	[1.36, 1.64, 2.36, 2.64, 3.36, 3.64, 4.36, 4.64, 5.36, 5.64, 6.36, 6.64]
1.5136	[1.92, 2.08, 2.92, 3.08, 3.92, 4.08, 4.92, 5.08, 5.92, 6.08]
1.52	[1.2, 1.4, 1.6, 1.8, 2.0, 2.2, 2.4, 2.6, 2.8, 3.0, 3.2, 3.4, 3.6, 3.8, 4.0, 4.2, 4.4, 4.6, 4.8, 5.0, 5.2, 5.4, 5.6, 5.8, 6.0, 6.2, 6.4, 6.6]
1.5264	[1.44, 1.56, 2.44, 2.56, 3.44, 3.56, 4.44, 4.56, 5.44, 5.56, 6.44, 6.56]
1.5296	[1.48, 1.52, 2.48, 2.52, 3.48, 3.52, 4.48, 4.52, 5.48, 5.52, 6.48, 6.52]
1.5424	[1.24, 1.76, 2.24, 2.76, 3.24, 3.76, 4.24, 4.76, 5.24, 5.76, 6.24]
1.5456	[1.12, 1.88, 2.12, 2.88, 3.12, 3.88, 4.12, 4.88, 5.12, 5.88, 6.12]
1.5584	[1.96, 2.04, 2.96, 3.04, 3.96, 4.04, 4.96, 5.04, 5.96, 6.04]
1.5616	[1.28, 1.72, 2.28, 2.72, 3.28, 3.72, 4.28, 4.72, 5.28, 5.72, 6.28]
1.5744	[1.16, 1.84, 2.16, 2.84, 3.16, 3.84, 4.16, 4.84, 5.16, 5.84, 6.16]
1.5776	[1.32, 1.68, 2.32, 2.68, 3.32, 3.68, 4.32, 4.68, 5.32, 5.68, 6.32]
1.5904	[1.36, 1.64, 2.36, 2.64, 3.36, 3.64, 4.36, 4.64, 5.36, 5.64, 6.36]
1.5936	[1.08, 1.92, 2.08, 2.92, 3.08, 3.92, 4.08, 4.92, 5.08, 5.92, 6.08]
1.6	[1.2, 1.4, 1.6, 1.8, 2.0, 2.2, 2.4, 2.6, 2.8, 3.0, 3.2, 3.4, 3.6, 3.8, 4.0, 4.2, 4.4, 4.6, 4.8, 5.0, 5.2, 5.4, 5.6, 5.8, 6.0, 6.2, 6.4, 6.6]
1.6064	[1.44, 1.56, 2.44, 2.56, 3.44, 3.56, 4.44, 4.56, 5.44, 5.56, 6.44, 6.56]
1.6096	[1.48, 1.52, 2.48, 2.52, 3.48, 3.52, 4.48, 4.52, 5.48, 5.52, 6.48, 6.52]
1.6224	[1.24, 1.76, 2.24, 2.76, 3.24, 3.76, 4.24, 4.76, 5.24, 5.76, 6.24]
1.6256	[1.12, 1.88, 2.12, 2.88, 3.12, 3.88, 4.12, 4.88, 5.12, 5.88, 6.12]
1.6384	[1.04, 1.96, 2.04, 2.96, 3.04, 3.96, 4.04, 4.96, 5.04, 5.96, 6.04]
1.6416	[1.28, 1.72, 2.28, 2.72, 3.28, 3.72, 4.28, 4.72, 5.28, 5.72, 6.28]
1.6544	[1.16, 1.84, 2.16, 2.84, 3.16, 3.84, 4.16, 4.84, 5.16, 5.84, 6.16]
1.6576	[1.32, 1.68, 2.32, 2.68, 3.32, 3.68, 4.32, 4.68, 5.32, 5.68, 6.32]
1.6704	[1.36, 1.64, 2.36, 2.64, 3.36, 3.64, 4.36, 4.64, 5.36, 5.64, 6.36, 6.64]
1.6736	[1.08, 1.92, 2.08, 2.92, 3.08, 3.92, 4.08, 4.92, 5.08, 5.92, 6.08]
1.68	[1.0, 1.2, 1.4, 1.6, 1.8, 2.0, 2.2, 2.4, 2.6, 2.8, 3.0, 3.2, 3.4, 3.6, 3.8, 4.0, 4.2, 4.4, 4.6, 4.8, 5.0, 5.2, 5.4, 5.6, 5.8, 6.0, 6.2, 6.4, 6.6]
1.6864	[1.44, 1.56, 2.44, 2.56, 3.44, 3.56, 4.44, 4.56, 5.44, 5.56, 6.44, 6.56]
1.6896	[1.48, 1.52, 2.48, 2.52, 3.48, 3.52, 4.48, 4.52, 5.48, 5.52, 6.48, 6.52]
1.7024	[1.24, 1.76, 2.24, 2.76, 3.24, 3.76, 4.24, 4.76, 5.24, 5.76, 6.24]
1.7056	[1.12, 1.88, 2.12, 2.88, 3.12, 3.88, 4.12, 4.88, 5.12, 5.88, 6.12]
1.7184	[0.96, 1.04, 1.96, 2.04, 2.96, 3.04, 3.96, 4.04, 4.96, 5.04, 5.96, 6.04]
1.7216	[1.28, 1.72, 2.28, 2.72, 3.28, 3.72, 4.28, 4.72, 5.28, 5.72, 6.28]
1.7344	[1.16, 1.84, 2.16, 2.84, 3.16, 3.84, 4.16, 4.84, 5.16, 5.84, 6.16]
1.7376	[1.32, 1.68, 2.32, 2.68, 3.32, 3.68, 4.32, 4.68, 5.32, 5.68, 6.32]
1.7504	[1.36, 1.64, 2.36, 2.64, 3.36, 3.64, 4.36, 4.64, 5.36, 5.64, 6.36]
1.7536	[0.92, 1.08, 1.92, 2.08, 2.92, 3.08, 3.92, 4.08, 4.92, 5.08, 5.92, 6.08]
1.76	[1.0, 1.2, 1.4, 1.6, 1.8, 2.0, 2.2, 2.4, 2.6, 2.8, 3.0, 3.2, 3.4, 3.6, 3.8, 4.0, 4.2, 4.4, 4.6, 4.8, 5.0, 5.2, 5.4, 5.6, 5.8, 6.0, 6.2, 6.4]
1.7664	[1.44, 1.56, 2.44, 2.56, 3.44, 3.56, 4.44, 4.56, 5.44, 5.56, 6.44, 6.56]
1.7696	[1.48, 1.52, 2.48, 2.52, 3.48, 3.52, 4.48, 4.52, 5.48, 5.52, 6.48, 6.52]
1.7824	[1.24, 1.76, 2.24, 2.76, 3.24, 3.76, 4.24, 4.76, 5.24, 5.76, 6.24]
1.7856	[0.88, 1.12, 1.88, 2.12, 2.88, 3.12, 3.88, 4.12, 4.88, 5.12, 5.88, 6.12]
1.7984	[0.96, 1.04, 1.96, 2.04, 2.96, 3.04, 3.96, 4.04, 4.96, 5.04, 5.96, 6.04]
1.8016	[1.28, 1.72, 2.28, 2.72, 3.28, 3.72, 4.28, 4.72, 5.28, 5.72, 6.28]
1.8144	[0.84, 1.16, 1.84, 2.16, 2.84, 3.16, 3.84, 4.16, 4.84, 5.16, 5.84, 6.16]
1.8176	[1.32, 1.68, 2.32, 2.68, 3.32, 3.68, 4.32, 4.68, 5.32, 5.68, 6.32]
1.8304	[1.36, 1.64, 2.36, 2.64, 3.36, 3.64, 4.36, 4.64, 5.36, 5.64, 6.36]
1.8336	[0.92, 1.08, 1.92, 2.08, 2.92, 3.08, 3.92, 4.08, 4.92, 5.08, 5.92, 6.08]
1.84	[0.8, 1.0, 1.2, 1.4, 1.6, 1.8, 2.0, 2.2, 2.4, 2.6, 2.8, 3.0, 3.2, 3.4, 3.6, 3.8, 4.0, 4.2, 4.4, 4.6, 4.8, 5.0, 5.2, 5.4, 5.6, 5.8, 6.0, 6.2, 6.4, 6.6]
1.8464	[1.44, 1.56, 2.44, 2.56, 3.44, 3.56, 4.44, 4.56, 5.44, 5.56, 6.44, 6.56]
1.8496	[1.48, 1.52, 2.48, 2.52, 3.48, 3.52, 4.48, 4.52, 5.48, 5.52, 6.48, 6.52]
1.8624	[0.76, 1.24, 1.76, 2.24, 2.76, 3.24, 3.76, 4.24, 4.76, 5.24, 5.76, 6.24]
1.8656	[0.88, 1.12, 1.88, 2.12, 2.88, 3.12, 3.88, 4.12, 4.88, 5.12, 5.88, 6.12]
1.8784	[0.96, 1.04, 1.96, 2.04, 2.96, 3.04, 3.96, 4.04, 4.96, 5.04, 5.96, 6.04]
1.8816	[0.28, 0.72, 1.28, 1.72, 2.28, 2.72, 3.28, 3.72, 4.28, 4.72, 5.28, 5.72, 6.28, 6.72]
1.8944	[0.84, 1.16, 1.84, 2.16, 2.84, 3.16, 3.84, 4.16, 4.84, 5.16, 5.84, 6.16]
1.8976	[0.32, 0.68, 1.32, 1.68, 2.32, 2.68, 3.32, 3.68, 4.32, 4.68, 5.32, 5.68, 6.32, 6.68]
1.9104	[0.36, 0.64, 1.36, 1.64, 2.36, 2.64, 3.36, 3.64, 4.36, 4.64, 5.36, 5.64, 6.36, 6.64]
1.9136	[0.92, 1.08, 1.92, 2.08, 2.92, 3.08, 3.92, 4.08, 4.92, 5.08, 5.92, 6.08]
1.92	[0.4, 0.6, 0.8, 1.0, 1.2, 1.4, 1.6, 1.8, 2.0, 2.2, 2.4, 2.6, 2.8, 3.0, 3.2, 3.4, 3.6, 3.8, 4.0, 4.2, 4.4, 4.6, 4.8, 5.0, 5.2, 5.4, 5.6, 5.8, 6.0, 6.2, 6.4, 6.6]
1.9264	[0.44, 0.56, 1.44, 1.56, 2.44, 2.56, 3.44, 3.56, 4.44, 4.56, 5.44, 5.56, 6.44, 6.56]
1.9296	[0.48, 0.52, 1.48, 1.52, 2.48, 2.52, 3.48, 3.52, 4.48, 4.52, 5.48, 5.52, 6.48, 6.52]
1.9424	[0.76, 1.24, 1.76, 2.24, 2.76, 3.24, 3.76, 4.24, 4.76, 5.24, 5.76, 6.24]
1.9456	[0.88, 1.12, 1.88, 2.12, 2.88, 3.12, 3.88, 4.12, 4.88, 5.12, 5.88, 6.12]
1.9584	[0.96, 1.04, 1.96, 2.04, 2.96, 3.04, 3.96, 4.04, 4.96, 5.04, 5.96, 6.04]
1.9616	[0.72, 1.28, 1.72, 2.28, 2.72, 3.28, 3.72, 4.28, 4.72, 5.28, 5.72, 6.28]
1.9744	[0.84, 1.16, 1.84, 2.16, 2.84, 3.16, 3.84, 4.16, 4.84, 5.16, 5.84, 6.16]
1.9776	[0.68, 1.32, 1.68, 2.32, 2.68, 3.32, 3.68, 4.32, 4.68, 5.32, 5.68, 6.32]
1.9904	[0.36, 0.64, 1.36, 1.64, 2.36, 2.64, 3.36, 3.64, 4.36, 4.64, 5.36, 5.64, 6.36, 6.64]
1.9936	[0.92, 1.08, 1.92, 2.08, 2.92, 3.08, 3.92, 4.08, 4.92, 5.08, 5.92, 6.08]
2.0	[0.4, 0.6, 0.8, 1.0, 1.2, 1.4, 1.6, 1.8, 2.0, 2.2, 2.4, 2.6, 2.8, 3.0, 3.2, 3.4, 3.6, 3.8, 4.0, 4.2, 4.4, 4.6, 4.8, 5.0, 5.2, 5.4, 5.6, 5.8, 6.0, 6.2, 6.4, 6.6]
2.0064	[0.44, 0.56, 1.44, 1.56, 2.44, 2.56, 3.44, 3.56, 4.44, 4.56, 5.44, 5.56, 6.44, 6.56]
2.0096	[0.48, 0.52, 1.48, 1.52, 2.48, 2.52, 3.48, 3.52, 4.48, 4.52, 5.48, 5.52, 6.48, 6.52]
2.0224	[0.76, 1.24, 1.76, 2.24, 2.76, 3.24, 3.76, 4.24, 4.76, 5.24, 5.76, 6.24]
2.0256	[0.88, 1.12, 1.88, 2.12, 2.88, 3.12, 3.88, 4.12, 4.88, 5.12, 5.88, 6.12]
2.0384	[0.96, 1.04, 1.96, 2.04, 2.96, 3.04, 3.96, 4.04, 4.96, 5.04, 5.96, 6.04]
2.0416	[0.72, 1.28, 1.72, 2.28, 2.72, 3.28, 3.72, 4.28, 4.72, 5.28, 5.72, 6.28]
2.0544	[0.84, 1.16, 1.84, 2.16, 2.84, 3.16, 3.84, 4.16, 4.84, 5.16, 5.84, 6.16]
2.0576	[0.68, 1.32, 1.68, 2.32, 2.68, 3.32, 3.68, 4.32, 4.68, 5.32, 5.68, 6.32]
2.0704	[0.64, 1.36, 1.64, 2.36, 2.64, 3.36, 3.64, 4.36, 4.64, 5.36, 5.64, 6.36]
2.0736	[0.92, 1.08, 1.92, 2.08, 2.92, 3.08, 3.92, 4.08, 4.92, 5.08, 5.92, 6.08]
2.08	[0.6, 0.8, 1.0, 1.2, 1.4, 1.6, 1.8, 2.0, 2.2, 2.4, 2.6, 2.8, 3.0, 3.2, 3.4, 3.6, 3.8, 4.0, 4.2, 4.4, 4.6, 4.8, 5.0, 5.2, 5.4, 5.6, 5.8, 6.0, 6.2, 6.4]
2.0864	[0.44, 0.56, 1.44, 1.56, 2.44, 2.56, 3.44, 3.56, 4.44, 4.56, 5.44, 5.56, 6.44, 6.56]
2.0896	[0.48, 0.52, 1.48, 1.52, 2.48, 2.52, 3.48, 3.52, 4.48, 4.52, 5.48, 5.52, 6.48, 6.52]
2.1024	[0.76, 1.24, 1.76, 2.24, 2.76, 3.24, 3.76, 4.24, 4.76, 5.24, 5.76, 6.24]
2.1056	[0.88, 1.12, 1.88, 2.12, 2.88, 3.12, 3.88, 4.12, 4.88, 5.12, 5.88, 6.12]
2.1184	[0.96, 1.04, 1.96, 2.04, 2.96, 3.04, 3.96, 4.04, 4.96, 5.04, 5.96, 6.04]
2.1216	[0.72, 1.28, 1.72, 2.28, 2.72, 3.28, 3.72, 4.28, 4.72, 5.28, 5.72, 6.28]
2.1344	[0.84, 1.16, 1.84, 2.16, 2.84, 3.16, 3.84, 4.16, 4.84, 5.16, 5.84, 6.16]
2.1376	[0.68, 1.32, 1.68, 2.32, 2.68, 3.32, 3.68, 4.32, 4.68, 5.32, 5.68, 6.32]
2.1504	[0.64, 1.36, 1.64, 2.36, 2.64, 3.36, 3.64, 4.36, 4.64, 5.36, 5.64, 6.36]
2.1536	[0.92, 1.08, 1.92, 2.08, 2.92, 3.08, 3.92, 4.08, 4.92, 5.08, 5.92, 6.08]
2.16	[0.4, 0.6, 0.8, 1.0, 1.2, 1.4, 1.6, 1.8, 2.0, 2.2, 2.4, 2.6, 2.8, 3.0, 3.2, 3.4, 3.6, 3.8, 4.0, 4.2, 4.4, 4.6, 4.8, 5.0, 5.2, 5.4, 5.6, 5.8, 6.0, 6.2, 6.4, 6.6]
2.1664	[0.44, 0.56, 1.44, 1.56, 2.44, 2.56, 3.44, 3.56, 4.44, 4.56, 5.44, 5.56, 6.44, 6.56]
2.1696	[0.48, 0.52, 1.48, 1.52, 2.48, 2.52, 3.48, 3.52, 4.48, 4.52, 5.48, 5.52, 6.48, 6.52]
2.1824	[0.76, 1.24, 1.76, 2.24, 2.76, 3.24, 3.76, 4.24, 4.76, 5.24, 5.76, 6.24]
2.1856	[0.88, 1.12, 1.88, 2.12, 2.88, 3.12, 3.88, 4.12, 4.88, 5.12, 5.88, 6.12]
2.1984	[0.96, 1.04, 1.96, 2.04, 2.96, 3.04, 3.96, 4.04, 4.96, 5.04, 5.96, 6.04]
2.2016	[0.72, 1.28, 1.72, 2.28, 2.72, 3.28, 3.72, 4.28, 4.72, 5.28, 5.72, 6.28]
2.2144	[0.84, 1.16, 1.84, 2.16, 2.84, 3.16, 3.84, 4.16, 4.84, 5.16, 5.84, 6.16]
2.2176	[0.68, 1.32, 1.68, 2.32, 2.68, 3.32, 3.68, 4.32, 4.68, 5.32, 5.68, 6.32]
2.2304	[0.64, 1.36, 1.64, 2.36, 2.64, 3.36, 3.64, 4.36, 4.64, 5.36, 5.64, 6.36]
2.2336	[0.92, 1.08, 1.92, 2.08, 2.92, 3.08, 3.92, 4.08, 4.92, 5.08, 5.92, 6.08]
2.24	[0.6, 0.8, 1.0, 1.2, 1.4, 1.6, 1.8, 2.0, 2.2, 2.4, 2.6, 2.8, 3.0, 3.2, 3.4, 3.6, 3.8, 4.0, 4.2, 4.4, 4.6, 4.8, 5.0, 5.2, 5.4, 5.6, 5.8, 6.0, 6.2, 6.4]
2.2464	[0.56, 1.44, 1.56, 2.44, 2.56, 3.44, 3.56, 4.44, 4.56, 5.44, 5.56, 6.44, 6.56]
2.2496	[0.48, 0.52, 1.48, 1.52, 2.48, 2.52, 3.48, 3.52, 4.48, 4.52, 5.48, 5.52, 6.48, 6.52]
2.2624	[0.76, 1.24, 1.76, 2.24, 2.76, 3.24, 3.76, 4.24, 4.76, 5.24, 5.76, 6.24]
2.2656	[0.88, 1.12, 1.88, 2.12, 2.88, 3.12, 3.88, 4.12, 4.88, 5.12, 5.88, 6.12]
2.2784	[0.96, 1.04, 1.96, 2.04, 2.96, 3.04, 3.96, 4.04, 4.96, 5.04, 5.96, 6.04]
2.2816	[0.72, 1.28, 1.72, 2.28, 2.72, 3.28, 3.72, 4.28, 4.72, 5.28, 5.72, 6.28]
2.2944	[0.84, 1.16, 1.84, 2.16, 2.84, 3.16, 3.84, 4.16, 4.84, 5.16, 5.84, 6.16]
2.2976	[0.68, 1.32, 1.68, 2.32, 2.68, 3.32, 3.68, 4.32, 4.68, 5.32, 5.68, 6.32]
2.3104	[0.64, 1.36, 1.64, 2.36, 2.64, 3.36, 3.64, 4.36, 4.64, 5.36, 5.64, 6.36]
2.3136	[0.92, 1.08, 1.92, 2.08, 2.92, 3.08, 3.92, 4.08, 4.92, 5.08, 5.92, 6.08]
2.32	[0.6, 0.8, 1.0, 1.2, 1.4, 1.6, 1.8, 2.0, 2.2, 2.4, 2.6, 2.8, 3.0, 3.2, 3.4, 3.6, 3.8, 4.0, 4.2, 4.4, 4.6, 4.8, 5.0, 5.2, 5.4, 5.6, 5.8, 6.0, 6.2, 6.4]
2.3264	[0.56, 1.44, 1.56, 2.44, 2.56, 3.44, 3.56, 4.44, 4.56, 5.44, 5.56, 6.44]
2.3296	[1.48, 1.52, 2.48, 2.52, 3.48, 3.52, 4.48, 4.52, 5.48, 5.52, 6.48]
2.3424	[0.76, 1.24, 1.76, 2.24, 2.76, 3.24, 3.76, 4.24, 4.76, 5.24, 5.76, 6.24]
2.3456	[0.88, 1.12, 1.88, 2.12, 2.88, 3.12, 3.88, 4.12, 4.88, 5.12, 5.88, 6.12]
2.3584	[0.96, 1.04, 1.96, 2.04, 2.96, 3.04, 3.96, 4.04, 4.96, 5.04, 5.96, 6.04]
2.3616	[0.72, 1.28, 1.72, 2.28, 2.72, 3.28, 3.72, 4.28, 4.72, 5.28, 5.72, 6.28]
2.3744	[0.84, 1.16, 1.84, 2.16, 2.84, 3.16, 3.84, 4.16, 4.84, 5.16, 5.84, 6.16]
2.3776	[0.68, 1.32, 1.68, 2.32, 2.68, 3.32, 3.68, 4.32, 4.68, 5.32, 5.68, 6.32]
2.3904	[0.64, 1.36, 1.64, 2.36, 2.64, 3.36, 3.64, 4.36, 4.64, 5.36, 5.64, 6.36]
2.3936	[0.92, 1.08, 1.92, 2.08, 2.92, 3.08, 3.92, 4.08, 4.92, 5.08, 5.92, 6.08]
2.4	[0.6, 0.8, 1.0, 1.2, 1.4, 1.6, 1.8, 2.0, 2.2, 2.4, 2.6, 2.8, 3.0, 3.2, 3.4, 3.6, 3.8, 4.0, 4.2, 4.4, 4.6, 4.8, 5.0, 5.2, 5.4, 5.6, 5.8, 6.0, 6.2, 6.4]
2.4064	[0.44, 0.56, 1.44, 1.56, 2.44, 2.56, 3.44, 3.56, 4.44, 4.56, 5.44, 5.56, 6.44, 6.56]
2.4096	[0.48, 0.52, 1.48, 1.52, 2.48, 2.52, 3.48, 3.52, 4.48, 4.52, 5.48, 5.52, 6.48, 6.52]
2.4224	[0.76, 1.24, 1.76, 2.24, 2.76, 3.24, 3.76, 4.24, 4.76, 5.24, 5.76, 6.24]
2.4256	[0.88, 1.12, 1.88, 2.12, 2.88, 3.12, 3.88, 4.12, 4.88, 5.12, 5.88, 6.12]
2.4384	[0.96, 1.04, 1.96, 2.04, 2.96, 3.04, 3.96, 4.04, 4.96, 5.04, 5.96, 6.04]
2.4416	[0.72, 1.28, 1.72, 2.28, 2.72, 3.28, 3.72, 4.28, 4.72, 5.28, 5.72, 6.28]
2.4544	[0.84, 1.16, 1.84, 2.16, 2.84, 3.16, 3.84, 4.16, 4.84, 5.16, 5.84, 6.16]
2.4576	[0.68, 1.32, 1.68, 2.32, 2.68, 3.32, 3.68, 4.32, 4.68, 5.32, 5.68, 6.32]
2.4704	[0.64, 1.36, 1.64, 2.36, 2.64, 3.36, 3.64, 4.36, 4.64, 5.36, 5.64, 6.36]
2.4736	[0.92, 1.08, 1.92, 2.08, 2.92, 3.08, 3.92, 4.08, 4.92, 5.08, 5.92, 6.08]
2.48	[0.6, 0.8, 1.0, 1.2, 1.4, 1.6, 1.8, 2.0, 2.2, 2.4, 2.6, 2.8, 3.0, 3.2, 3.4, 3.6, 3.8, 4.0, 4.2, 4.4, 4.6, 4.8, 5.0, 5.2, 5.4, 5.6, 5.8, 6.0, 6.2, 6.4]
2.4864	[0.56, 1.44, 1.56, 2.44, 2.56, 3.44, 3.56, 4.44, 4.56, 5.44, 5.56, 6.44]
2.4896	[0.52, 1.48, 1.52, 2.48, 2.52, 3.48, 3.52, 4.48, 4.52, 5.48, 5.52, 6.48]
2.5024	[0.76, 1.24, 1.76, 2.24, 2.76, 3.24, 3.76, 4.24, 4.76, 5.24, 5.76, 6.24]
2.5056	[0.88, 1.12, 1.88, 2.12, 2.88, 3.12, 3.88, 4.12, 4.88, 5.12, 5.88, 6.12]
2.5184	[0.96, 1.04, 1.96, 2.04, 2.96, 3.04, 3.96, 4.04, 4.96, 5.04, 5.96, 6.04]
2.5216	[0.72, 1.28, 1.72, 2.28, 2.72, 3.28, 3.72, 4.28, 4.72, 5.28, 5.72, 6.28]
2.5344	[0.84, 1.16, 1.84, 2.16, 2.84, 3.16, 3.84, 4.16, 4.84, 5.16, 5.84, 6.16]
2.5376	[0.68, 1.32, 1.68, 2.32, 2.68, 3.32, 3.68, 4.32, 4.68, 5.32, 5.68, 6.32]
2.5504	[0.64, 1.36, 1.64, 2.36, 2.64, 3.36, 3.64, 4.36, 4.64, 5.36, 5.64, 6.36]
2.5536	[0.92, 1.08, 1.92, 2.08, 2.92, 3.08, 3.92, 4.08, 4.92, 5.08, 5.92, 6.08]
2.56	[0.6, 0.8, 1.0, 1.2, 1.4, 1.6, 1.8, 2.0, 2.2, 2.4, 2.6, 2.8, 3.0, 3.2, 3.4, 3.6, 3.8, 4.0, 4.2, 4.4, 4.6, 4.8, 5.0, 5.2, 5.4, 5.6, 5.8, 6.0, 6.2, 6.4]
2.5664	[1.44, 1.56, 2.44, 2.56, 3.44, 3.56, 4.44, 4.56, 5.44, 5.56]
2.5696	[1.48, 1.52, 2.48, 2.52, 3.48, 3.52, 4.48, 4.52, 5.48, 5.52]
2.5824	[0.76, 1.24, 1.76, 2.24, 2.76, 3.24, 3.76, 4.24, 4.76, 5.24, 5.76, 6.24]
2.5856	[0.88, 1.12, 1.88, 2.12, 2.88, 3.12, 3.88, 4.12, 4.88, 5.12, 5.88, 6.12]
2.5984	[0.96, 1.04, 1.96, 2.04, 2.96, 3.04, 3.96, 4.04, 4.96, 5.04, 5.96, 6.04]
2.6016	[0.72, 1.28, 1.72, 2.28, 2.72, 3.28, 3.72, 4.28, 4.72, 5.28, 5.72, 6.28]
2.6144	[0.84, 1.16, 1.84, 2.16, 2.84, 3.16, 3.84, 4.16, 4.84, 5.16, 5.84, 6.16]
2.6176	[0.68, 1.32, 1.68, 2.32, 2.68, 3.32, 3.68, 4.32, 4.68, 5.32, 5.68, 6.32]
2.6304	[0.64, 1.36, 1.64, 2.36, 2.64, 3.36, 3.64, 4.36, 4.64, 5.36, 5.64, 6.36]
2.6336	[0.92, 1.08, 1.92, 2.08, 2.92, 3.08, 3.92, 4.08, 4.92, 5.08, 5.92, 6.08]
2.64	[0.6, 0.8, 1.0, 1.2, 1.4, 1.6, 1.8, 2.0, 2.2, 2.4, 2.6, 2.8, 3.0, 3.2, 3.4, 3.6, 3.8, 4.0, 4.2, 4.4, 4.6, 4.8, 5.0, 5.2, 5.4, 5.6, 5.8, 6.0, 6.2, 6.4]
2.6464	[0.56, 1.44, 1.56, 2.44, 2.56, 3.44, 3.56, 4.44, 4.56, 5.44, 5.56, 6.44]
2.6496	[1.48, 1.52, 2.48, 2.52, 3.48, 3.52, 4.48, 4.52, 5.48, 5.52, 6.48, 6.52]
2.6624	[0.76, 1.24, 1.76, 2.24, 2.76, 3.24, 3.76, 4.24, 4.76, 5.24, 5.76, 6.24]
2.6656	[0.88, 1.12, 1.88, 2.12, 2.88, 3.12, 3.88, 4.12, 4.88, 5.12, 5.88, 6.12]
2.6784	[0.96, 1.04, 1.96, 2.04, 2.96, 3.04, 3.96, 4.04, 4.96, 5.04, 5.96, 6.04]
2.6816	[0.72, 1.28, 1.72, 2.28, 2.72, 3.28, 3.72, 4.28, 4.72, 5.28, 5.72, 6.28]
2.6944	[0.84, 1.16, 1.84, 2.16, 2.84, 3.16, 3.84, 4.16, 4.84, 5.16, 5.84, 6.16]
2.6976	[0.68, 1.32, 1.68, 2.32, 2.68, 3.32, 3.68, 4.32, 4.68, 5.32, 5.68, 6.32]
2.7104	[0.64, 1.36, 1.64, 2.36, 2.64, 3.36, 3.64, 4.36, 4.64, 5.36, 5.64, 6.36]
2.7136	[0.92, 1.08, 1.92, 2.08, 2.92, 3.08, 3.92, 4.08, 4.92, 5.08, 5.92, 6.08]
2.72	[0.6, 0.8, 1.0, 1.2, 1.4, 1.6, 1.8, 2.0, 2.2, 2.4, 2.6, 2.8, 3.0, 3.2, 3.4, 3.6, 3.8, 4.0, 4.2, 4.4, 4.6, 4.8, 5.0, 5.2, 5.4, 5.6, 5.8, 6.0, 6.2, 6.4]
2.7264	[0.56, 1.44, 1.56, 2.44, 2.56, 3.44, 3.56, 4.44, 4.56, 5.44, 5.56, 6.44]
2.7296	[0.48, 0.52, 1.48, 1.52, 2.48, 2.52, 3.48, 3.52, 4.48, 4.52, 5.48, 5.52, 6.48, 6.52]
2.7424	[0.76, 1.24, 1.76, 2.24, 2.76, 3.24, 3.76, 4.24, 4.76, 5.24, 5.76, 6.24]
2.7456	[0.88, 1.12, 1.88, 2.12, 2.88, 3.12, 3.88, 4.12, 4.88, 5.12, 5.88, 6.12]
2.7584	[0.96, 1.04, 1.96, 2.04, 2.96, 3.04, 3.96, 4.04, 4.96, 5.04, 5.96, 6.04]
2.7616	[0.72, 1.28, 1.72, 2.28, 2.72, 3.28, 3.72, 4.28, 4.72, 5.28, 5.72, 6.28]
2.7744	[0.84, 1.16, 1.84, 2.16, 2.84, 3.16, 3.84, 4.16, 4.84, 5.16, 5.84, 6.16]
2.7776	[0.68, 1.32, 1.68, 2.32, 2.68, 3.32, 3.68, 4.32, 4.68, 5.32, 5.68, 6.32]
2.7904	[0.64, 1.36, 1.64, 2.36, 2.64, 3.36, 3.64, 4.36, 4.64, 5.36, 5.64, 6.36]
2.7936	[0.92, 1.08, 1.92, 2.08, 2.92, 3.08, 3.92, 4.08, 4.92, 5.08, 5.92, 6.08]
2.8	[0.6, 0.8, 1.0, 1.2, 1.4, 1.6, 1.8, 2.0, 2.2, 2.4, 2.6, 2.8, 3.0, 3.2, 3.4, 3.6, 3.8, 4.0, 4.2, 4.4, 4.6, 4.8, 5.0, 5.2, 5.4, 5.6, 5.8, 6.0, 6.2, 6.4]
2.8064	[0.56, 1.44, 1.56, 2.44, 2.56, 3.44, 3.56, 4.44, 4.56, 5.44, 5.56, 6.44]
2.8096	[1.48, 1.52, 2.48, 2.52, 3.48, 3.52, 4.48, 4.52, 5.48, 5.52]
2.8224	[0.76, 1.24, 1.76, 2.24, 2.76, 3.24, 3.76, 4.24, 4.76, 5.24, 5.76, 6.24]
2.8256	[0.88, 1.12, 1.88, 2.12, 2.88, 3.12, 3.88, 4.12, 4.88, 5.12, 5.88, 6.12]
2.8384	[0.96, 1.04, 1.96, 2.04, 2.96, 3.04, 3.96, 4.04, 4.96, 5.04, 5.96, 6.04]
2.8416	[0.72, 1.28, 1.72, 2.28, 2.72, 3.28, 3.72, 4.28, 4.72, 5.28, 5.72, 6.28]
2.8544	[0.84, 1.16, 1.84, 2.16, 2.84, 3.16, 3.84, 4.16, 4.84, 5.16, 5.84, 6.16]
2.8576	[0.68, 1.32, 1.68, 2.32, 2.68, 3.32, 3.68, 4.32, 4.68, 5.32, 5.68, 6.32]
2.8704	[0.64, 1.36, 1.64, 2.36, 2.64, 3.36, 3.64, 4.36, 4.64, 5.36, 5.64, 6.36]
2.8736	[0.92, 1.08, 1.92, 2.08, 2.92, 3.08, 3.92, 4.08, 4.92, 5.08, 5.92, 6.08]
2.88	[0.6, 0.8, 1.0, 1.2, 1.4, 1.6, 1.8, 2.0, 2.2, 2.4, 2.6, 2.8, 3.0, 3.2, 3.4, 3.6, 3.8, 4.0, 4.2, 4.4, 4.6, 4.8, 5.0, 5.2, 5.4, 5.6, 5.8, 6.0, 6.2, 6.4]
2.8864	[1.44, 1.56, 2.44, 2.56, 3.44, 3.56, 4.44, 4.56, 5.44, 5.56]
2.8896	[1.48, 1.52, 2.48, 2.52, 3.48, 3.52, 4.48, 4.52, 5.48, 5.52]
2.9024	[0.76, 1.24, 1.76, 2.24, 2.76, 3.24, 3.76, 4.24, 4.76, 5.24, 5.76, 6.24]
2.9056	[0.88, 1.12, 1.88, 2.12, 2.88, 3.12, 3.88, 4.12, 4.88, 5.12, 5.88, 6.12]
2.9184	[0.96, 1.04, 1.96, 2.04, 2.96, 3.04, 3.96, 4.04, 4.96, 5.04, 5.96, 6.04]
2.9216	[0.72, 1.28, 1.72, 2.28, 2.72, 3.28, 3.72, 4.28, 4.72, 5.28, 5.72, 6.28]
2.9344	[0.84, 1.16, 1.84, 2.16, 2.84, 3.16, 3.84, 4.16, 4.84, 5.16, 5.84, 6.16]
2.9376	[0.68, 1.32, 1.68, 2.32, 2.68, 3.32, 3.68, 4.32, 4.68, 5.32, 5.68, 6.32]
2.9504	[0.64, 1.36, 1.64, 2.36, 2.64, 3.36, 3.64, 4.36, 4.64, 5.36, 5.64, 6.36]
2.9536	[0.92, 1.08, 1.92, 2.08, 2.92, 3.08, 3.92, 4.08, 4.92, 5.08, 5.92, 6.08]
2.96	[0.6, 0.8, 1.0, 1.2, 1.4, 1.6, 1.8, 2.0, 2.2, 2.4, 2.6, 2.8, 3.0, 3.2, 3.4, 3.6, 3.8, 4.0, 4.2, 4.4, 4.6, 4.8, 5.0, 5.2, 5.4, 5.6, 5.8, 6.0, 6.2, 6.4]
2.9664	[1.44, 1.56, 2.44, 2.56, 3.44, 3.56, 4.44, 4.56, 5.44, 5.56]
2.9696	[1.48, 1.52, 2.48, 2.52, 3.48, 3.52, 4.48, 4.52, 5.48, 5.52]
2.9824	[0.76, 1.24, 1.76, 2.24, 2.76, 3.24, 3.76, 4.24, 4.76, 5.24, 5.76, 6.24]
2.9856	[0.88, 1.12, 1.88, 2.12, 2.88, 3.12, 3.88, 4.12, 4.88, 5.12, 5.88, 6.12]
2.9984	[0.96, 1.04, 1.96, 2.04, 2.96, 3.04, 3.96, 4.04, 4.96, 5.04, 5.96, 6.04]
3.0016	[0.72, 1.28, 1.72, 2.28, 2.72, 3.28, 3.72, 4.28, 4.72, 5.28, 5.72, 6.28]
3.0144	[0.84, 1.16, 1.84, 2.16, 2.84, 3.16, 3.84, 4.16, 4.84, 5.16, 5.84, 6.16]
3.0176	[0.68, 1.32, 1.68, 2.32, 2.68, 3.32, 3.68, 4.32, 4.68, 5.32, 5.68, 6.32]
3.0304	[1.36, 1.64, 2.36, 2.64, 3.36, 3.64, 4.36, 4.64, 5.36, 5.64, 6.36]
3.0336	[0.92, 1.08, 1.92, 2.08, 2.92, 3.08, 3.92, 4.08, 4.92, 5.08, 5.92, 6.08]
3.04	[0.8, 1.0, 1.2, 1.4, 1.6, 1.8, 2.0, 2.2, 2.4, 2.6, 2.8, 3.0, 3.2, 3.4, 3.6, 3.8, 4.0, 4.2, 4.4, 4.6, 4.8, 5.0, 5.2, 5.4, 5.6, 5.8, 6.0, 6.2]
3.0464	[1.44, 1.56, 2.44, 2.56, 3.44, 3.56, 4.44, 4.56, 5.44, 5.56]
3.0496	[1.48, 1.52, 2.48, 2.52, 3.48, 3.52, 4.48, 4.52, 5.48, 5.52]
3.0624	[0.76, 1.24, 1.76, 2.24, 2.76, 3.24, 3.76, 4.24, 4.76, 5.24, 5.76, 6.24]
3.0656	[0.88, 1.12, 1.88, 2.12, 2.88, 3.12, 3.88, 4.12, 4.88, 5.12, 5.88, 6.12]
3.0784	[0.96, 1.04, 1.96, 2.04, 2.96, 3.04, 3.96, 4.04, 4.96, 5.04, 5.96, 6.04]
3.0816	[0.72, 1.28, 1.72, 2.28, 2.72, 3.28, 3.72, 4.28, 4.72, 5.28, 5.72, 6.28]
3.0944	[0.84, 1.16, 1.84, 2.16, 2.84, 3.16, 3.84, 4.16, 4.84, 5.16, 5.84, 6.16]
3.0976	[0.68, 1.32, 1.68, 2.32, 2.68, 3.32, 3.68, 4.32, 4.68, 5.32, 5.68, 6.32]
3.1104	[0.64, 1.36, 1.64, 2.36, 2.64, 3.36, 3.64, 4.36, 4.64, 5.36, 5.64, 6.36]
3.1136	[0.92, 1.08, 1.92, 2.08, 2.92, 3.08, 3.92, 4.08, 4.92, 5.08, 5.92, 6.08]
3.12	[0.6, 0.8, 1.0, 1.2, 1.4, 1.6, 1.8, 2.0, 2.2, 2.4, 2.6, 2.8, 3.0, 3.2, 3.4, 3.6, 3.8, 4.0, 4.2, 4.4, 4.6, 4.8, 5.0, 5.2, 5.4, 5.6, 5.8, 6.0, 6.2, 6.4]
3.1264	[0.56, 1.44, 1.56, 2.44, 2.56, 3.44, 3.56, 4.44, 4.56, 5.44, 5.56, 6.44]
3.1296	[0.52, 1.48, 1.52, 2.48, 2.52, 3.48, 3.52, 4.48, 4.52, 5.48, 5.52, 6.48]
3.1424	[0.76, 1.24, 1.76, 2.24, 2.76, 3.24, 3.76, 4.24, 4.76, 5.24, 5.76, 6.24]
3.1456	[0.88, 1.12, 1.88, 2.12, 2.88, 3.12, 3.88, 4.12, 4.88, 5.12, 5.88, 6.12]
3.1584	[0.96, 1.04, 1.96, 2.04, 2.96, 3.04, 3.96, 4.04, 4.96, 5.04, 5.96, 6.04]
3.1616	[0.72, 1.28, 1.72, 2.28, 2.72, 3.28, 3.72, 4.28, 4.72, 5.28, 5.72, 6.28]
3.1744	[0.84, 1.16, 1.84, 2.16, 2.84, 3.16, 3.84, 4.16, 4.84, 5.16, 5.84, 6.16]
3.1776	[0.68, 1.32, 1.68, 2.32, 2.68, 3.32, 3.68, 4.32, 4.68, 5.32, 5.68, 6.32]
3.1904	[0.64, 1.36, 1.64, 2.36, 2.64, 3.36, 3.64, 4.36, 4.64, 5.36, 5.64, 6.36]
3.1936	[0.92, 1.08, 1.92, 2.08, 2.92, 3.08, 3.92, 4.08, 4.92, 5.08, 5.92, 6.08]
3.2	[0.6, 0.8, 1.0, 1.2, 1.4, 1.6, 1.8, 2.0, 2.2, 2.4, 2.6, 2.8, 3.0, 3.2, 3.4, 3.6, 3.8, 4.0, 4.2, 4.4, 4.6, 4.8, 5.0, 5.2, 5.4, 5.6, 5.8, 6.0, 6.2, 6.4]
3.2064	[1.44, 1.56, 2.44, 2.56, 3.44, 3.56, 4.44, 4.56, 5.44, 5.56]
3.2096	[1.48, 1.52, 2.48, 2.52, 3.48, 3.52, 4.48, 4.52, 5.48, 5.52]
3.2224	[0.76, 1.24, 1.76, 2.24, 2.76, 3.24, 3.76, 4.24, 4.76, 5.24, 5.76, 6.24]
3.2256	[0.88, 1.12, 1.88, 2.12, 2.88, 3.12, 3.88, 4.12, 4.88, 5.12, 5.88, 6.12]
3.2384	[0.96, 1.04, 1.96, 2.04, 2.96, 3.04, 3.96, 4.04, 4.96, 5.04, 5.96, 6.04]
3.2416	[0.72, 1.28, 1.72, 2.28, 2.72, 3.28, 3.72, 4.28, 4.72, 5.28, 5.72, 6.28]
3.2544	[0.84, 1.16, 1.84, 2.16, 2.84, 3.16, 3.84, 4.16, 4.84, 5.16, 5.84, 6.16]
3.2576	[0.68, 1.32, 1.68, 2.32, 2.68, 3.32, 3.68, 4.32, 4.68, 5.32, 5.68, 6.32]
3.2704	[1.36, 1.64, 2.36, 2.64, 3.36, 3.64, 4.36, 4.64, 5.36, 5.64]
3.2736	[0.92, 1.08, 1.92, 2.08, 2.92, 3.08, 3.92, 4.08, 4.92, 5.08, 5.92, 6.08]
3.28	[0.8, 1.0, 1.2, 1.4, 1.6, 1.8, 2.0, 2.2, 2.4, 2.6, 2.8, 3.0, 3.2, 3.4, 3.6, 3.8, 4.0, 4.2, 4.4, 4.6, 4.8, 5.0, 5.2, 5.4, 5.6, 5.8, 6.0, 6.2]
3.2864	[1.44, 1.56, 2.44, 2.56, 3.44, 3.56, 4.44, 4.56, 5.44, 5.56]
3.2896	[1.48, 1.52, 2.48, 2.52, 3.48, 3.52, 4.48, 4.52, 5.48, 5.52]
3.3024	[0.76, 1.24, 1.76, 2.24, 2.76, 3.24, 3.76, 4.24, 4.76, 5.24, 5.76, 6.24]
3.3056	[0.88, 1.12, 1.88, 2.12, 2.88, 3.12, 3.88, 4.12, 4.88, 5.12, 5.88, 6.12]
3.3184	[0.96, 1.04, 1.96, 2.04, 2.96, 3.04, 3.96, 4.04, 4.96, 5.04, 5.96, 6.04]
3.3216	[0.72, 1.28, 1.72, 2.28, 2.72, 3.28, 3.72, 4.28, 4.72, 5.28, 5.72, 6.28]
3.3344	[0.84, 1.16, 1.84, 2.16, 2.84, 3.16, 3.84, 4.16, 4.84, 5.16, 5.84, 6.16]
3.3376	[0.68, 1.32, 1.68, 2.32, 2.68, 3.32, 3.68, 4.32, 4.68, 5.32, 5.68, 6.32]
3.3504	[0.64, 1.36, 1.64, 2.36, 2.64, 3.36, 3.64, 4.36, 4.64, 5.36, 5.64, 6.36]
3.3536	[0.92, 1.08, 1.92, 2.08, 2.92, 3.08, 3.92, 4.08, 4.92, 5.08, 5.92, 6.08]
3.36	[0.8, 1.0, 1.2, 1.4, 1.6, 1.8, 2.0, 2.2, 2.4, 2.6, 2.8, 3.0, 3.2, 3.4, 3.6, 3.8, 4.0, 4.2, 4.4, 4.6, 4.8, 5.0, 5.2, 5.4, 5.6, 5.8, 6.0, 6.2]
3.3664	[1.44, 1.56, 2.44, 2.56, 3.44, 3.56, 4.44, 4.56, 5.44, 5.56]
3.3696	[1.48, 1.52, 2.48, 2.52, 3.48, 3.52, 4.48, 4.52, 5.48, 5.52]
3.3824	[0.76, 1.24, 1.76, 2.24, 2.76, 3.24, 3.76, 4.24, 4.76, 5.24, 5.76, 6.24]
3.3856	[0.88, 1.12, 1.88, 2.12, 2.88, 3.12, 3.88, 4.12, 4.88, 5.12, 5.88, 6.12]
3.3984	[0.96, 1.04, 1.96, 2.04, 2.96, 3.04, 3.96, 4.04, 4.96, 5.04, 5.96, 6.04]
3.4016	[0.72, 1.28, 1.72, 2.28, 2.72, 3.28, 3.72, 4.28, 4.72, 5.28, 5.72, 6.28]
3.4144	[0.84, 1.16, 1.84, 2.16, 2.84, 3.16, 3.84, 4.16, 4.84, 5.16, 5.84, 6.16]
3.4176	[1.32, 1.68, 2.32, 2.68, 3.32, 3.68, 4.32, 4.68, 5.32, 5.68, 6.32]
3.4304	[1.36, 1.64, 2.36, 2.64, 3.36, 3.64, 4.36, 4.64, 5.36, 5.64]
3.4336	[0.92, 1.08, 1.92, 2.08, 2.92, 3.08, 3.92, 4.08, 4.92, 5.08, 5.92, 6.08]
3.44	[0.8, 1.0, 1.2, 1.4, 1.6, 1.8, 2.0, 2.2, 2.4, 2.6, 2.8, 3.0, 3.2, 3.4, 3.6, 3.8, 4.0, 4.2, 4.4, 4.6, 4.8, 5.0, 5.2, 5.4, 5.6, 5.8, 6.0, 6.2]
3.4464	[1.44, 1.56, 2.44, 2.56, 3.44, 3.56, 4.44, 4.56, 5.44, 5.56]
3.4496	[1.48, 1.52, 2.48, 2.52, 3.48, 3.52, 4.48, 4.52, 5.48, 5.52]
3.4624	[0.76, 1.24, 1.76, 2.24, 2.76, 3.24, 3.76, 4.24, 4.76, 5.24, 5.76, 6.24]
3.4656	[0.88, 1.12, 1.88, 2.12, 2.88, 3.12, 3.88, 4.12, 4.88, 5.12, 5.88, 6.12]
3.4784	[0.96, 1.04, 1.96, 2.04, 2.96, 3.04, 3.96, 4.04, 4.96, 5.04, 5.96, 6.04]
3.4816	[0.72, 1.28, 1.72, 2.28, 2.72, 3.28, 3.72, 4.28, 4.72, 5.28, 5.72, 6.28]
3.4944	[0.84, 1.16, 1.84, 2.16, 2.84, 3.16, 3.84, 4.16, 4.84, 5.16, 5.84, 6.16]
3.4976	[0.68, 1.32, 1.68, 2.32, 2.68, 3.32, 3.68, 4.32, 4.68, 5.32, 5.68, 6.32]
3.5104	[1.36, 1.64, 2.36, 2.64, 3.36, 3.64, 4.36, 4.64, 5.36, 5.64]
3.5136	[0.92, 1.08, 1.92, 2.08, 2.92, 3.08, 3.92, 4.08, 4.92, 5.08, 5.92, 6.08]
3.52	[0.8, 1.0, 1.2, 1.4, 1.6, 1.8, 2.0, 2.2, 2.4, 2.6, 2.8, 3.0, 3.2, 3.4, 3.6, 3.8, 4.0, 4.2, 4.4, 4.6, 4.8, 5.0, 5.2, 5.4, 5.6, 5.8, 6.0, 6.2]
3.5264	[1.44, 1.56, 2.44, 2.56, 3.44, 3.56, 4.44, 4.56, 5.44, 5.56]
3.5296	[1.48, 1.52, 2.48, 2.52, 3.48, 3.52, 4.48, 4.52, 5.48, 5.52]
3.5424	[0.76, 1.24, 1.76, 2.24, 2.76, 3.24, 3.76, 4.24, 4.76, 5.24, 5.76, 6.24]
3.5456	[0.88, 1.12, 1.88, 2.12, 2.88, 3.12, 3.88, 4.12, 4.88, 5.12, 5.88, 6.12]
3.5584	[0.96, 1.04, 1.96, 2.04, 2.96, 3.04, 3.96, 4.04, 4.96, 5.04, 5.96, 6.04]
3.5616	[0.72, 1.28, 1.72, 2.28, 2.72, 3.28, 3.72, 4.28, 4.72, 5.28, 5.72, 6.28]
3.5744	[0.84, 1.16, 1.84, 2.16, 2.84, 3.16, 3.84, 4.16, 4.84, 5.16, 5.84, 6.16]
3.5776	[0.68, 1.32, 1.68, 2.32, 2.68, 3.32, 3.68, 4.32, 4.68, 5.32, 5.68, 6.32]
3.5904	[0.64, 1.36, 1.64, 2.36, 2.64, 3.36, 3.64, 4.36, 4.64, 5.36, 5.64, 6.36]
3.5936	[0.92, 1.08, 1.92, 2.08, 2.92, 3.08, 3.92, 4.08, 4.92, 5.08, 5.92, 6.08]
3.6	[0.6, 0.8, 1.0, 1.2, 1.4, 1.6, 1.8, 2.0, 2.2, 2.4, 2.6, 2.8, 3.0, 3.2, 3.4, 3.6, 3.8, 4.0, 4.2, 4.4, 4.6, 4.8, 5.0, 5.2, 5.4, 5.6, 5.8, 6.0, 6.2, 6.4]
3.6064	[0.56, 1.44, 1.56, 2.44, 2.56, 3.44, 3.56, 4.44, 4.56, 5.44, 5.56, 6.44]
3.6096	[1.48, 1.52, 2.48, 2.52, 3.48, 3.52, 4.48, 4.52, 5.48, 5.52]
3.6224	[0.76, 1.24, 1.76, 2.24, 2.76, 3.24, 3.76, 4.24, 4.76, 5.24, 5.76, 6.24]
3.6256	[0.88, 1.12, 1.88, 2.12, 2.88, 3.12, 3.88, 4.12, 4.88, 5.12, 5.88, 6.12]
3.6384	[0.96, 1.04, 1.96, 2.04, 2.96, 3.04, 3.96, 4.04, 4.96, 5.04, 5.96, 6.04]
3.6416	[0.72, 1.28, 1.72, 2.28, 2.72, 3.28, 3.72, 4.28, 4.72, 5.28, 5.72, 6.28]
3.6544	[0.84, 1.16, 1.84, 2.16, 2.84, 3.16, 3.84, 4.16, 4.84, 5.16, 5.84, 6.16]
3.6576	[0.68, 1.32, 1.68, 2.32, 2.68, 3.32, 3.68, 4.32, 4.68, 5.32, 5.68, 6.32]
3.6704	[0.64, 1.36, 1.64, 2.36, 2.64, 3.36, 3.64, 4.36, 4.64, 5.36, 5.64, 6.36]
3.6736	[0.92, 1.08, 1.92, 2.08, 2.92, 3.08, 3.92, 4.08, 4.92, 5.08, 5.92, 6.08]
3.68	[0.8, 1.0, 1.2, 1.4, 1.6, 1.8, 2.0, 2.2, 2.4, 2.6, 2.8, 3.0, 3.2, 3.4, 3.6, 3.8, 4.0, 4.2, 4.4, 4.6, 4.8, 5.0, 5.2, 5.4, 5.6, 5.8, 6.0, 6.2]
3.6864	[1.44, 1.56, 2.44, 2.56, 3.44, 3.56, 4.44, 4.56, 5.44, 5.56]
3.6896	[1.48, 1.52, 2.48, 2.52, 3.48, 3.52, 4.48, 4.52, 5.48, 5.52]
3.7024	[0.76, 1.24, 1.76, 2.24, 2.76, 3.24, 3.76, 4.24, 4.76, 5.24, 5.76, 6.24]
3.7056	[0.88, 1.12, 1.88, 2.12, 2.88, 3.12, 3.88, 4.12, 4.88, 5.12, 5.88, 6.12]
3.7184	[0.96, 1.04, 1.96, 2.04, 2.96, 3.04, 3.96, 4.04, 4.96, 5.04, 5.96, 6.04]
3.7216	[0.72, 1.28, 1.72, 2.28, 2.72, 3.28, 3.72, 4.28, 4.72, 5.28, 5.72, 6.28]
3.7344	[0.84, 1.16, 1.84, 2.16, 2.84, 3.16, 3.84, 4.16, 4.84, 5.16, 5.84, 6.16]
3.7376	[1.32, 1.68, 2.32, 2.68, 3.32, 3.68, 4.32, 4.68, 5.32, 5.68]
3.7504	[1.36, 1.64, 2.36, 2.64, 3.36, 3.64, 4.36, 4.64, 5.36, 5.64]
3.7536	[0.92, 1.08, 1.92, 2.08, 2.92, 3.08, 3.92, 4.08, 4.92, 5.08, 5.92, 6.08]
3.76	[0.8, 1.0, 1.2, 1.4, 1.6, 1.8, 2.0, 2.2, 2.4, 2.6, 2.8, 3.0, 3.2, 3.4, 3.6, 3.8, 4.0, 4.2, 4.4, 4.6, 4.8, 5.0, 5.2, 5.4, 5.6, 5.8, 6.0, 6.2]
3.7664	[1.44, 1.56, 2.44, 2.56, 3.44, 3.56, 4.44, 4.56, 5.44, 5.56]
3.7696	[1.48, 1.52, 2.48, 2.52, 3.48, 3.52, 4.48, 4.52, 5.48, 5.52]
3.7824	[0.76, 1.24, 1.76, 2.24, 2.76, 3.24, 3.76, 4.24, 4.76, 5.24, 5.76, 6.24]
3.7856	[0.88, 1.12, 1.88, 2.12, 2.88, 3.12, 3.88, 4.12, 4.88, 5.12, 5.88, 6.12]
3.7984	[0.96, 1.04, 1.96, 2.04, 2.96, 3.04, 3.96, 4.04, 4.96, 5.04, 5.96, 6.04]
3.8016	[0.72, 1.28, 1.72, 2.28, 2.72, 3.28, 3.72, 4.28, 4.72, 5.28, 5.72, 6.28]
3.8144	[0.84, 1.16, 1.84, 2.16, 2.84, 3.16, 3.84, 4.16, 4.84, 5.16, 5.84, 6.16]
3.8176	[0.68, 1.32, 1.68, 2.32, 2.68, 3.32, 3.68, 4.32, 4.68, 5.32, 5.68, 6.32]
3.8304	[1.36, 1.64, 2.36, 2.64, 3.36, 3.64, 4.36, 4.64, 5.36, 5.64]
3.8336	[0.92, 1.08, 1.92, 2.08, 2.92, 3.08, 3.92, 4.08, 4.92, 5.08, 5.92, 6.08]
3.84	[0.8, 1.0, 1.2, 1.4, 1.6, 1.8, 2.0, 2.2, 2.4, 2.6, 2.8, 3.0, 3.2, 3.4, 3.6, 3.8, 4.0, 4.2, 4.4, 4.6, 4.8, 5.0, 5.2, 5.4, 5.6, 5.8, 6.0, 6.2]
3.8464	[1.44, 1.56, 2.44, 2.56, 3.44, 3.56, 4.44, 4.56, 5.44, 5.56]
3.8496	[1.48, 1.52, 2.48, 2.52, 3.48, 3.52, 4.48, 4.52, 5.48, 5.52]
3.8624	[0.76, 1.24, 1.76, 2.24, 2.76, 3.24, 3.76, 4.24, 4.76, 5.24, 5.76, 6.24]
3.8656	[0.88, 1.12, 1.88, 2.12, 2.88, 3.12, 3.88, 4.12, 4.88, 5.12, 5.88, 6.12]
3.8784	[0.96, 1.04, 1.96, 2.04, 2.96, 3.04, 3.96, 4.04, 4.96, 5.04, 5.96, 6.04]
3.8816	[0.72, 1.28, 1.72, 2.28, 2.72, 3.28, 3.72, 4.28, 4.72, 5.28, 5.72, 6.28]
3.8944	[0.84, 1.16, 1.84, 2.16, 2.84, 3.16, 3.84, 4.16, 4.84, 5.16, 5.84, 6.16]
3.8976	[1.32, 1.68, 2.32, 2.68, 3.32, 3.68, 4.32, 4.68, 5.32, 5.68]
3.9104	[1.36, 1.64, 2.36, 2.64, 3.36, 3.64, 4.36, 4.64, 5.36, 5.64]
3.9136	[0.92, 1.08, 1.92, 2.08, 2.92, 3.08, 3.92, 4.08, 4.92, 5.08, 5.92, 6.08]
3.92	[0.8, 1.0, 1.2, 1.4, 1.6, 1.8, 2.0, 2.2, 2.4, 2.6, 2.8, 3.0, 3.2, 3.4, 3.6, 3.8, 4.0, 4.2, 4.4, 4.6, 4.8, 5.0, 5.2, 5.4, 5.6, 5.8, 6.0, 6.2]
3.9264	[1.44, 1.56, 2.44, 2.56, 3.44, 3.56, 4.44, 4.56, 5.44, 5.56]
3.9296	[1.48, 1.52, 2.48, 2.52, 3.48, 3.52, 4.48, 4.52, 5.48, 5.52]
3.9424	[1.24, 1.76, 2.24, 2.76, 3.24, 3.76, 4.24, 4.76, 5.24, 5.76]
3.9456	[0.88, 1.12, 1.88, 2.12, 2.88, 3.12, 3.88, 4.12, 4.88, 5.12, 5.88, 6.12]
3.9584	[0.96, 1.04, 1.96, 2.04, 2.96, 3.04, 3.96, 4.04, 4.96, 5.04, 5.96, 6.04]
3.9616	[1.28, 1.72, 2.28, 2.72, 3.28, 3.72, 4.28, 4.72, 5.28, 5.72]
3.9744	[0.84, 1.16, 1.84, 2.16, 2.84, 3.16, 3.84, 4.16, 4.84, 5.16, 5.84, 6.16]
3.9776	[1.32, 1.68, 2.32, 2.68, 3.32, 3.68, 4.32, 4.68, 5.32, 5.68]
3.9904	[1.36, 1.64, 2.36, 2.64, 3.36, 3.64, 4.36, 4.64, 5.36, 5.64]
3.9936	[0.92, 1.08, 1.92, 2.08, 2.92, 3.08, 3.92, 4.08, 4.92, 5.08, 5.92, 6.08]
4.0	[0.8, 1.0, 1.2, 1.4, 1.6, 1.8, 2.0, 2.2, 2.4, 2.6, 2.8, 3.0, 3.2, 3.4, 3.6, 3.8, 4.0, 4.2, 4.4, 4.6, 4.8, 5.0, 5.2, 5.4, 5.6, 5.8, 6.0, 6.2]
4.0064	[1.44, 1.56, 2.44, 2.56, 3.44, 3.56, 4.44, 4.56, 5.44, 5.56]
4.0096	[1.48, 1.52, 2.48, 2.52, 3.48, 3.52, 4.48, 4.52, 5.48, 5.52]
4.0224	[0.76, 1.24, 1.76, 2.24, 2.76, 3.24, 3.76, 4.24, 4.76, 5.24, 5.76, 6.24]
4.0256	[0.88, 1.12, 1.88, 2.12, 2.88, 3.12, 3.88, 4.12, 4.88, 5.12, 5.88, 6.12]
4.0384	[0.96, 1.04, 1.96, 2.04, 2.96, 3.04, 3.96, 4.04, 4.96, 5.04, 5.96, 6.04]
4.0416	[0.72, 1.28, 1.72, 2.28, 2.72, 3.28, 3.72, 4.28, 4.72, 5.28, 5.72, 6.28]
4.0544	[0.84, 1.16, 1.84, 2.16, 2.84, 3.16, 3.84, 4.16, 4.84, 5.16, 5.84, 6.16]
4.0576	[1.32, 1.68, 2.32, 2.68, 3.32, 3.68, 4.32, 4.68, 5.32, 5.68]
4.0704	[1.36, 1.64, 2.36, 2.64, 3.36, 3.64, 4.36, 4.64, 5.36, 5.64]
4.0736	[0.92, 1.08, 1.92, 2.08, 2.92, 3.08, 3.92, 4.08, 4.92, 5.08, 5.92, 6.08]
4.08	[0.8, 1.0, 1.2, 1.4, 1.6, 1.8, 2.0, 2.2, 2.4, 2.6, 2.8, 3.0, 3.2, 3.4, 3.6, 3.8, 4.0, 4.2, 4.4, 4.6, 4.8, 5.0, 5.2, 5.4, 5.6, 5.8, 6.0, 6.2]
4.0864	[1.44, 1.56, 2.44, 2.56, 3.44, 3.56, 4.44, 4.56, 5.44, 5.56]
4.0896	[1.48, 1.52, 2.48, 2.52, 3.48, 3.52, 4.48, 4.52, 5.48, 5.52]
4.1024	[1.24, 1.76, 2.24, 2.76, 3.24, 3.76, 4.24, 4.76, 5.24, 5.76]
4.1056	[0.88, 1.12, 1.88, 2.12, 2.88, 3.12, 3.88, 4.12, 4.88, 5.12, 5.88, 6.12]
4.1184	[0.96, 1.04, 1.96, 2.04, 2.96, 3.04, 3.96, 4.04, 4.96, 5.04, 5.96, 6.04]
4.1216	[1.28, 1.72, 2.28, 2.72, 3.28, 3.72, 4.28, 4.72, 5.28, 5.72]
4.1344	[1.16, 1.84, 2.16, 2.84, 3.16, 3.84, 4.16, 4.84, 5.16, 5.84]
4.1376	[1.32, 1.68, 2.32, 2.68, 3.32, 3.68, 4.32, 4.68, 5.32, 5.68]
4.1504	[1.36, 1.64, 2.36, 2.64, 3.36, 3.64, 4.36, 4.64, 5.36, 5.64]
4.1536	[0.92, 1.08, 1.92, 2.08, 2.92, 3.08, 3.92, 4.08, 4.92, 5.08, 5.92, 6.08]
4.16	[1.0, 1.2, 1.4, 1.6, 1.8, 2.0, 2.2, 2.4, 2.6, 2.8, 3.0, 3.2, 3.4, 3.6, 3.8, 4.0, 4.2, 4.4, 4.6, 4.8, 5.0, 5.2, 5.4, 5.6, 5.8, 6.0]
4.1664	[1.44, 1.56, 2.44, 2.56, 3.44, 3.56, 4.44, 4.56, 5.44, 5.56]
4.1696	[1.48, 1.52, 2.48, 2.52, 3.48, 3.52, 4.48, 4.52, 5.48, 5.52]
4.1824	[1.24, 1.76, 2.24, 2.76, 3.24, 3.76, 4.24, 4.76, 5.24, 5.76]
4.1856	[0.88, 1.12, 1.88, 2.12, 2.88, 3.12, 3.88, 4.12, 4.88, 5.12, 5.88, 6.12]
4.1984	[0.96, 1.04, 1.96, 2.04, 2.96, 3.04, 3.96, 4.04, 4.96, 5.04, 5.96, 6.04]
4.2016	[1.28, 1.72, 2.28, 2.72, 3.28, 3.72, 4.28, 4.72, 5.28, 5.72]
4.2144	[0.84, 1.16, 1.84, 2.16, 2.84, 3.16, 3.84, 4.16, 4.84, 5.16, 5.84, 6.16]
4.2176	[1.32, 1.68, 2.32, 2.68, 3.32, 3.68, 4.32, 4.68, 5.32, 5.68]
4.2304	[1.36, 1.64, 2.36, 2.64, 3.36, 3.64, 4.36, 4.64, 5.36, 5.64]
4.2336	[0.92, 1.08, 1.92, 2.08, 2.92, 3.08, 3.92, 4.08, 4.92, 5.08, 5.92, 6.08]
4.24	[0.8, 1.0, 1.2, 1.4, 1.6, 1.8, 2.0, 2.2, 2.4, 2.6, 2.8, 3.0, 3.2, 3.4, 3.6, 3.8, 4.0, 4.2, 4.4, 4.6, 4.8, 5.0, 5.2, 5.4, 5.6, 5.8, 6.0, 6.2]
4.2464	[1.44, 1.56, 2.44, 2.56, 3.44, 3.56, 4.44, 4.56, 5.44, 5.56]
4.2496	[1.48, 1.52, 2.48, 2.52, 3.48, 3.52, 4.48, 4.52, 5.48, 5.52]
4.2624	[0.76, 1.24, 1.76, 2.24, 2.76, 3.24, 3.76, 4.24, 4.76, 5.24, 5.76, 6.24]
4.2656	[0.88, 1.12, 1.88, 2.12, 2.88, 3.12, 3.88, 4.12, 4.88, 5.12, 5.88, 6.12]
4.2784	[0.96, 1.04, 1.96, 2.04, 2.96, 3.04, 3.96, 4.04, 4.96, 5.04, 5.96, 6.04]
4.2816	[1.28, 1.72, 2.28, 2.72, 3.28, 3.72, 4.28, 4.72, 5.28, 5.72]
4.2944	[0.84, 1.16, 1.84, 2.16, 2.84, 3.16, 3.84, 4.16, 4.84, 5.16, 5.84, 6.16]
4.2976	[1.32, 1.68, 2.32, 2.68, 3.32, 3.68, 4.32, 4.68, 5.32, 5.68]
4.3104	[1.36, 1.64, 2.36, 2.64, 3.36, 3.64, 4.36, 4.64, 5.36, 5.64]
4.3136	[0.92, 1.08, 1.92, 2.08, 2.92, 3.08, 3.92, 4.08, 4.92, 5.08, 5.92, 6.08]
4.32	[0.8, 1.0, 1.2, 1.4, 1.6, 1.8, 2.0, 2.2, 2.4, 2.6, 2.8, 3.0, 3.2, 3.4, 3.6, 3.8, 4.0, 4.2, 4.4, 4.6, 4.8, 5.0, 5.2, 5.4, 5.6, 5.8, 6.0, 6.2]
4.3264	[1.44, 1.56, 2.44, 2.56, 3.44, 3.56, 4.44, 4.56, 5.44, 5.56]
4.3296	[1.48, 1.52, 2.48, 2.52, 3.48, 3.52, 4.48, 4.52, 5.48, 5.52]
4.3424	[0.76, 1.24, 1.76, 2.24, 2.76, 3.24, 3.76, 4.24, 4.76, 5.24, 5.76, 6.24]
4.3456	[0.88, 1.12, 1.88, 2.12, 2.88, 3.12, 3.88, 4.12, 4.88, 5.12, 5.88, 6.12]
4.3584	[0.96, 1.04, 1.96, 2.04, 2.96, 3.04, 3.96, 4.04, 4.96, 5.04, 5.96, 6.04]
4.3616	[1.28, 1.72, 2.28, 2.72, 3.28, 3.72, 4.28, 4.72, 5.28, 5.72]
4.3744	[0.84, 1.16, 1.84, 2.16, 2.84, 3.16, 3.84, 4.16, 4.84, 5.16, 5.84, 6.16]
4.3776	[1.32, 1.68, 2.32, 2.68, 3.32, 3.68, 4.32, 4.68, 5.32, 5.68]
4.3904	[1.36, 1.64, 2.36, 2.64, 3.36, 3.64, 4.36, 4.64, 5.36, 5.64]
4.3936	[0.92, 1.08, 1.92, 2.08, 2.92, 3.08, 3.92, 4.08, 4.92, 5.08, 5.92, 6.08]
4.4	[1.0, 1.2, 1.4, 1.6, 1.8, 2.0, 2.2, 2.4, 2.6, 2.8, 3.0, 3.2, 3.4, 3.6, 3.8, 4.0, 4.2, 4.4, 4.6, 4.8, 5.0, 5.2, 5.4, 5.6, 5.8, 6.0]
4.4064	[1.44, 1.56, 2.44, 2.56, 3.44, 3.56, 4.44, 4.56, 5.44, 5.56]
4.4096	[1.48, 1.52, 2.48, 2.52, 3.48, 3.52, 4.48, 4.52, 5.48, 5.52]
4.4224	[1.24, 1.76, 2.24, 2.76, 3.24, 3.76, 4.24, 4.76, 5.24, 5.76]
4.4256	[0.88, 1.12, 1.88, 2.12, 2.88, 3.12, 3.88, 4.12, 4.88, 5.12, 5.88, 6.12]
4.4384	[0.96, 1.04, 1.96, 2.04, 2.96, 3.04, 3.96, 4.04, 4.96, 5.04, 5.96, 6.04]
4.4416	[1.28, 1.72, 2.28, 2.72, 3.28, 3.72, 4.28, 4.72, 5.28, 5.72]
4.4544	[1.16, 1.84, 2.16, 2.84, 3.16, 3.84, 4.16, 4.84, 5.16, 5.84]
4.4576	[1.32, 1.68, 2.32, 2.68, 3.32, 3.68, 4.32, 4.68, 5.32, 5.68]
4.4704	[1.36, 1.64, 2.36, 2.64, 3.36, 3.64, 4.36, 4.64, 5.36, 5.64]
4.4736	[0.92, 1.08, 1.92, 2.08, 2.92, 3.08, 3.92, 4.08, 4.92, 5.08, 5.92, 6.08]
4.48	[1.0, 1.2, 1.4, 1.6, 1.8, 2.0, 2.2, 2.4, 2.6, 2.8, 3.0, 3.2, 3.4, 3.6, 3.8, 4.0, 4.2, 4.4, 4.6, 4.8, 5.0, 5.2, 5.4, 5.6, 5.8, 6.0]
4.4864	[1.44, 1.56, 2.44, 2.56, 3.44, 3.56, 4.44, 4.56, 5.44, 5.56]
4.4896	[1.48, 1.52, 2.48, 2.52, 3.48, 3.52, 4.48, 4.52, 5.48, 5.52]
4.5024	[1.24, 1.76, 2.24, 2.76, 3.24, 3.76, 4.24, 4.76, 5.24, 5.76]
4.5056	[0.88, 1.12, 1.88, 2.12, 2.88, 3.12, 3.88, 4.12, 4.88, 5.12, 5.88, 6.12]
4.5184	[0.96, 1.04, 1.96, 2.04, 2.96, 3.04, 3.96, 4.04, 4.96, 5.04, 5.96, 6.04]
4.5216	[1.28, 1.72, 2.28, 2.72, 3.28, 3.72, 4.28, 4.72, 5.28, 5.72]
4.5344	[1.16, 1.84, 2.16, 2.84, 3.16, 3.84, 4.16, 4.84, 5.16, 5.84]
4.5376	[1.32, 1.68, 2.32, 2.68, 3.32, 3.68, 4.32, 4.68, 5.32, 5.68]
4.5504	[1.36, 1.64, 2.36, 2.64, 3.36, 3.64, 4.36, 4.64, 5.36, 5.64]
4.5536	[0.92, 1.08, 1.92, 2.08, 2.92, 3.08, 3.92, 4.08, 4.92, 5.08, 5.92, 6.08]
4.56	[1.0, 1.2, 1.4, 1.6, 1.8, 2.0, 2.2, 2.4, 2.6, 2.8, 3.0, 3.2, 3.4, 3.6, 3.8, 4.0, 4.2, 4.4, 4.6, 4.8, 5.0, 5.2, 5.4, 5.6, 5.8, 6.0]
4.5664	[1.44, 1.56, 2.44, 2.56, 3.44, 3.56, 4.44, 4.56, 5.44, 5.56]
4.5696	[1.48, 1.52, 2.48, 2.52, 3.48, 3.52, 4.48, 4.52, 5.48, 5.52]
4.5824	[1.24, 1.76, 2.24, 2.76, 3.24, 3.76, 4.24, 4.76, 5.24, 5.76]
4.5856	[1.12, 1.88, 2.12, 2.88, 3.12, 3.88, 4.12, 4.88, 5.12, 5.88]
4.5984	[0.96, 1.04, 1.96, 2.04, 2.96, 3.04, 3.96, 4.04, 4.96, 5.04, 5.96, 6.04]
4.6016	[1.28, 1.72, 2.28, 2.72, 3.28, 3.72, 4.28, 4.72, 5.28, 5.72]
4.6144	[1.16, 1.84, 2.16, 2.84, 3.16, 3.84, 4.16, 4.84, 5.16, 5.84]
4.6176	[1.32, 1.68, 2.32, 2.68, 3.32, 3.68, 4.32, 4.68, 5.32, 5.68]
4.6304	[1.36, 1.64, 2.36, 2.64, 3.36, 3.64, 4.36, 4.64, 5.36, 5.64]
4.6336	[0.92, 1.08, 1.92, 2.08, 2.92, 3.08, 3.92, 4.08, 4.92, 5.08, 5.92, 6.08]
4.64	[1.0, 1.2, 1.4, 1.6, 1.8, 2.0, 2.2, 2.4, 2.6, 2.8, 3.0, 3.2, 3.4, 3.6, 3.8, 4.0, 4.2, 4.4, 4.6, 4.8, 5.0, 5.2, 5.4, 5.6, 5.8, 6.0]
4.6464	[1.44, 1.56, 2.44, 2.56, 3.44, 3.56, 4.44, 4.56, 5.44, 5.56]
4.6496	[1.48, 1.52, 2.48, 2.52, 3.48, 3.52, 4.48, 4.52, 5.48, 5.52]
4.6624	[1.24, 1.76, 2.24, 2.76, 3.24, 3.76, 4.24, 4.76, 5.24, 5.76]
4.6656	[0.88, 1.12, 1.88, 2.12, 2.88, 3.12, 3.88, 4.12, 4.88, 5.12, 5.88, 6.12]
4.6784	[0.96, 1.04, 1.96, 2.04, 2.96, 3.04, 3.96, 4.04, 4.96, 5.04, 5.96, 6.04]
4.6816	[1.28, 1.72, 2.28, 2.72, 3.28, 3.72, 4.28, 4.72, 5.28, 5.72]
4.6944	[0.84, 1.16, 1.84, 2.16, 2.84, 3.16, 3.84, 4.16, 4.84, 5.16, 5.84, 6.16]
4.6976	[1.32, 1.68, 2.32, 2.68, 3.32, 3.68, 4.32, 4.68, 5.32, 5.68]
4.7104	[1.36, 1.64, 2.36, 2.64, 3.36, 3.64, 4.36, 4.64, 5.36, 5.64]
4.7136	[0.92, 1.08, 1.92, 2.08, 2.92, 3.08, 3.92, 4.08, 4.92, 5.08, 5.92, 6.08]
4.72	[0.8, 1.0, 1.2, 1.4, 1.6, 1.8, 2.0, 2.2, 2.4, 2.6, 2.8, 3.0, 3.2, 3.4, 3.6, 3.8, 4.0, 4.2, 4.4, 4.6, 4.8, 5.0, 5.2, 5.4, 5.6, 5.8, 6.0, 6.2]
4.7264	[1.44, 1.56, 2.44, 2.56, 3.44, 3.56, 4.44, 4.56, 5.44, 5.56]
4.7296	[1.48, 1.52, 2.48, 2.52, 3.48, 3.52, 4.48, 4.52, 5.48, 5.52]
4.7424	[1.24, 1.76, 2.24, 2.76, 3.24, 3.76, 4.24, 4.76, 5.24, 5.76]
4.7456	[0.88, 1.12, 1.88, 2.12, 2.88, 3.12, 3.88, 4.12, 4.88, 5.12, 5.88, 6.12]
4.7584	[0.96, 1.04, 1.96, 2.04, 2.96, 3.04, 3.96, 4.04, 4.96, 5.04, 5.96, 6.04]
4.7616	[1.28, 1.72, 2.28, 2.72, 3.28, 3.72, 4.28, 4.72, 5.28, 5.72]
4.7744	[1.16, 1.84, 2.16, 2.84, 3.16, 3.84, 4.16, 4.84, 5.16, 5.84]
4.7776	[1.32, 1.68, 2.32, 2.68, 3.32, 3.68, 4.32, 4.68, 5.32, 5.68]
4.7904	[1.36, 1.64, 2.36, 2.64, 3.36, 3.64, 4.36, 4.64, 5.36, 5.64]
4.7936	[1.08, 1.92, 2.08, 2.92, 3.08, 3.92, 4.08, 4.92, 5.08, 5.92]
4.8	[1.0, 1.2, 1.4, 1.6, 1.8, 2.0, 2.2, 2.4, 2.6, 2.8, 3.0, 3.2, 3.4, 3.6, 3.8, 4.0, 4.2, 4.4, 4.6, 4.8, 5.0, 5.2, 5.4, 5.6, 5.8, 6.0]
4.8064	[1.44, 1.56, 2.44, 2.56, 3.44, 3.56, 4.44, 4.56, 5.44, 5.56]
4.8096	[1.48, 1.52, 2.48, 2.52, 3.48, 3.52, 4.48, 4.52, 5.48, 5.52]
4.8224	[1.24, 1.76, 2.24, 2.76, 3.24, 3.76, 4.24, 4.76, 5.24, 5.76]
4.8256	[1.12, 1.88, 2.12, 2.88, 3.12, 3.88, 4.12, 4.88, 5.12, 5.88]
4.8384	[0.96, 1.04, 1.96, 2.04, 2.96, 3.04, 3.96, 4.04, 4.96, 5.04, 5.96, 6.04]
4.8416	[1.28, 1.72, 2.28, 2.72, 3.28, 3.72, 4.28, 4.72, 5.28, 5.72]
4.8544	[1.16, 1.84, 2.16, 2.84, 3.16, 3.84, 4.16, 4.84, 5.16, 5.84]
4.8576	[1.32, 1.68, 2.32, 2.68, 3.32, 3.68, 4.32, 4.68, 5.32, 5.68]
4.8704	[1.36, 1.64, 2.36, 2.64, 3.36, 3.64, 4.36, 4.64, 5.36, 5.64]
4.8736	[0.92, 1.08, 1.92, 2.08, 2.92, 3.08, 3.92, 4.08, 4.92, 5.08, 5.92, 6.08]
4.88	[1.0, 1.2, 1.4, 1.6, 1.8, 2.0, 2.2, 2.4, 2.6, 2.8, 3.0, 3.2, 3.4, 3.6, 3.8, 4.0, 4.2, 4.4, 4.6, 4.8, 5.0, 5.2, 5.4, 5.6, 5.8, 6.0]
4.8864	[1.44, 1.56, 2.44, 2.56, 3.44, 3.56, 4.44, 4.56, 5.44, 5.56]
4.8896	[1.48, 1.52, 2.48, 2.52, 3.48, 3.52, 4.48, 4.52, 5.48, 5.52]
4.9024	[1.24, 1.76, 2.24, 2.76, 3.24, 3.76, 4.24, 4.76, 5.24, 5.76]
4.9056	[1.12, 1.88, 2.12, 2.88, 3.12, 3.88, 4.12, 4.88, 5.12, 5.88]
4.9184	[0.96, 1.04, 1.96, 2.04, 2.96, 3.04, 3.96, 4.04, 4.96, 5.04, 5.96, 6.04]
4.9216	[1.28, 1.72, 2.28, 2.72, 3.28, 3.72, 4.28, 4.72, 5.28, 5.72]
4.9344	[1.16, 1.84, 2.16, 2.84, 3.16, 3.84, 4.16, 4.84, 5.16, 5.84]
4.9376	[1.32, 1.68, 2.32, 2.68, 3.32, 3.68, 4.32, 4.68, 5.32, 5.68]
4.9504	[1.36, 1.64, 2.36, 2.64, 3.36, 3.64, 4.36, 4.64, 5.36, 5.64]
4.9536	[1.08, 1.92, 2.08, 2.92, 3.08, 3.92, 4.08, 4.92, 5.08, 5.92]
4.96	[1.0, 1.2, 1.4, 1.6, 1.8, 2.0, 2.2, 2.4, 2.6, 2.8, 3.0, 3.2, 3.4, 3.6, 3.8, 4.0, 4.2, 4.4, 4.6, 4.8, 5.0, 5.2, 5.4, 5.6, 5.8, 6.0]
4.9664	[1.44, 1.56, 2.44, 2.56, 3.44, 3.56, 4.44, 4.56, 5.44, 5.56]
4.9696	[1.48, 1.52, 2.48, 2.52, 3.48, 3.52, 4.48, 4.52, 5.48, 5.52]
4.9824	[1.24, 1.76, 2.24, 2.76, 3.24, 3.76, 4.24, 4.76, 5.24, 5.76]
4.9856	[1.12, 1.88, 2.12, 2.88, 3.12, 3.88, 4.12, 4.88, 5.12, 5.88]
4.9984	[0.96, 1.04, 1.96, 2.04, 2.96, 3.04, 3.96, 4.04, 4.96, 5.04, 5.96, 6.04]
5.0016	[1.28, 1.72, 2.28, 2.72, 3.28, 3.72, 4.28, 4.72, 5.28, 5.72]
5.0144	[1.16, 1.84, 2.16, 2.84, 3.16, 3.84, 4.16, 4.84, 5.16, 5.84]
5.0176	[1.32, 1.68, 2.32, 2.68, 3.32, 3.68, 4.32, 4.68, 5.32, 5.68]
5.0304	[1.36, 1.64, 2.36, 2.64, 3.36, 3.64, 4.36, 4.64, 5.36, 5.64]
5.0336	[1.08, 1.92, 2.08, 2.92, 3.08, 3.92, 4.08, 4.92, 5.08, 5.92]
5.04	[1.0, 1.2, 1.4, 1.6, 1.8, 2.0, 2.2, 2.4, 2.6, 2.8, 3.0, 3.2, 3.4, 3.6, 3.8, 4.0, 4.2, 4.4, 4.6, 4.8, 5.0, 5.2, 5.4, 5.6, 5.8, 6.0]
5.0464	[1.44, 1.56, 2.44, 2.56, 3.44, 3.56, 4.44, 4.56, 5.44, 5.56]
5.0496	[1.48, 1.52, 2.48, 2.52, 3.48, 3.52, 4.48, 4.52, 5.48, 5.52]
5.0624	[1.24, 1.76, 2.24, 2.76, 3.24, 3.76, 4.24, 4.76, 5.24, 5.76]
5.0656	[1.12, 1.88, 2.12, 2.88, 3.12, 3.88, 4.12, 4.88, 5.12, 5.88]
5.0784	[0.96, 1.04, 1.96, 2.04, 2.96, 3.04, 3.96, 4.04, 4.96, 5.04, 5.96, 6.04]
5.0816	[1.28, 1.72, 2.28, 2.72, 3.28, 3.72, 4.28, 4.72, 5.28, 5.72]
5.0944	[1.16, 1.84, 2.16, 2.84, 3.16, 3.84, 4.16, 4.84, 5.16, 5.84]
5.0976	[1.32, 1.68, 2.32, 2.68, 3.32, 3.68, 4.32, 4.68, 5.32, 5.68]
5.1104	[1.36, 1.64, 2.36, 2.64, 3.36, 3.64, 4.36, 4.64, 5.36, 5.64]
5.1136	[0.92, 1.08, 1.92, 2.08, 2.92, 3.08, 3.92, 4.08, 4.92, 5.08, 5.92, 6.08]
5.12	[1.0, 1.2, 1.4, 1.6, 1.8, 2.0, 2.2, 2.4, 2.6, 2.8, 3.0, 3.2, 3.4, 3.6, 3.8, 4.0, 4.2, 4.4, 4.6, 4.8, 5.0, 5.2, 5.4, 5.6, 5.8, 6.0]
5.1264	[1.44, 1.56, 2.44, 2.56, 3.44, 3.56, 4.44, 4.56, 5.44, 5.56]
5.1296	[1.48, 1.52, 2.48, 2.52, 3.48, 3.52, 4.48, 4.52, 5.48, 5.52]
5.1424	[1.24, 1.76, 2.24, 2.76, 3.24, 3.76, 4.24, 4.76, 5.24, 5.76]
5.1456	[0.88, 1.12, 1.88, 2.12, 2.88, 3.12, 3.88, 4.12, 4.88, 5.12, 5.88, 6.12]
5.1584	[0.96, 1.04, 1.96, 2.04, 2.96, 3.04, 3.96, 4.04, 4.96, 5.04, 5.96, 6.04]
5.1616	[1.28, 1.72, 2.28, 2.72, 3.28, 3.72, 4.28, 4.72, 5.28, 5.72]
5.1744	[0.84, 1.16, 1.84, 2.16, 2.84, 3.16, 3.84, 4.16, 4.84, 5.16, 5.84, 6.16]
5.1776	[1.32, 1.68, 2.32, 2.68, 3.32, 3.68, 4.32, 4.68, 5.32, 5.68]
5.1904	[1.36, 1.64, 2.36, 2.64, 3.36, 3.64, 4.36, 4.64, 5.36, 5.64]
5.1936	[0.92, 1.08, 1.92, 2.08, 2.92, 3.08, 3.92, 4.08, 4.92, 5.08, 5.92, 6.08]
5.2	[1.0, 1.2, 1.4, 1.6, 1.8, 2.0, 2.2, 2.4, 2.6, 2.8, 3.0, 3.2, 3.4, 3.6, 3.8, 4.0, 4.2, 4.4, 4.6, 4.8, 5.0, 5.2, 5.4, 5.6, 5.8, 6.0]
5.2064	[1.44, 1.56, 2.44, 2.56, 3.44, 3.56, 4.44, 4.56, 5.44, 5.56]
5.2096	[1.48, 1.52, 2.48, 2.52, 3.48, 3.52, 4.48, 4.52, 5.48, 5.52]
5.2224	[1.24, 1.76, 2.24, 2.76, 3.24, 3.76, 4.24, 4.76, 5.24, 5.76]
5.2256	[1.12, 1.88, 2.12, 2.88, 3.12, 3.88, 4.12, 4.88, 5.12, 5.88]
5.2384	[1.04, 1.96, 2.04, 2.96, 3.04, 3.96, 4.04, 4.96, 5.04, 5.96]
5.2416	[1.28, 1.72, 2.28, 2.72, 3.28, 3.72, 4.28, 4.72, 5.28, 5.72]
5.2544	[1.16, 1.84, 2.16, 2.84, 3.16, 3.84, 4.16, 4.84, 5.16, 5.84]
5.2576	[1.32, 1.68, 2.32, 2.68, 3.32, 3.68, 4.32, 4.68, 5.32, 5.68]
5.2704	[1.36, 1.64, 2.36, 2.64, 3.36, 3.64, 4.36, 4.64, 5.36, 5.64]
5.2736	[1.08, 1.92, 2.08, 2.92, 3.08, 3.92, 4.08, 4.92, 5.08, 5.92]
5.28	[1.0, 1.2, 1.4, 1.6, 1.8, 2.0, 2.2, 2.4, 2.6, 2.8, 3.0, 3.2, 3.4, 3.6, 3.8, 4.0, 4.2, 4.4, 4.6, 4.8, 5.0, 5.2, 5.4, 5.6, 5.8, 6.0]
5.2864	[1.44, 1.56, 2.44, 2.56, 3.44, 3.56, 4.44, 4.56, 5.44, 5.56]
5.2896	[1.48, 1.52, 2.48, 2.52, 3.48, 3.52, 4.48, 4.52, 5.48, 5.52]
5.3024	[1.24, 1.76, 2.24, 2.76, 3.24, 3.76, 4.24, 4.76, 5.24, 5.76]
5.3056	[1.12, 1.88, 2.12, 2.88, 3.12, 3.88, 4.12, 4.88, 5.12, 5.88]
5.3184	[0.96, 1.04, 1.96, 2.04, 2.96, 3.04, 3.96, 4.04, 4.96, 5.04, 5.96, 6.04]
5.3216	[1.28, 1.72, 2.28, 2.72, 3.28, 3.72, 4.28, 4.72, 5.28, 5.72]
5.3344	[1.16, 1.84, 2.16, 2.84, 3.16, 3.84, 4.16, 4.84, 5.16, 5.84]
5.3376	[1.32, 1.68, 2.32, 2.68, 3.32, 3.68, 4.32, 4.68, 5.32, 5.68]
5.3504	[1.36, 1.64, 2.36, 2.64, 3.36, 3.64, 4.36, 4.64, 5.36, 5.64]
5.3536	[1.08, 1.92, 2.08, 2.92, 3.08, 3.92, 4.08, 4.92, 5.08, 5.92]
5.36	[1.0, 1.2, 1.4, 1.6, 1.8, 2.0, 2.2, 2.4, 2.6, 2.8, 3.0, 3.2, 3.4, 3.6, 3.8, 4.0, 4.2, 4.4, 4.6, 4.8, 5.0, 5.2, 5.4, 5.6, 5.8, 6.0]
5.3664	[1.44, 1.56, 2.44, 2.56, 3.44, 3.56, 4.44, 4.56, 5.44, 5.56]
5.3696	[1.48, 1.52, 2.48, 2.52, 3.48, 3.52, 4.48, 4.52, 5.48, 5.52]
5.3824	[1.24, 1.76, 2.24, 2.76, 3.24, 3.76, 4.24, 4.76, 5.24, 5.76]
5.3856	[1.12, 1.88, 2.12, 2.88, 3.12, 3.88, 4.12, 4.88, 5.12, 5.88]
5.3984	[1.96, 2.04, 2.96, 3.04, 3.96, 4.04, 4.96, 5.04]
5.4016	[1.28, 1.72, 2.28, 2.72, 3.28, 3.72, 4.28, 4.72, 5.28, 5.72]
5.4144	[1.16, 1.84, 2.16, 2.84, 3.16, 3.84, 4.16, 4.84, 5.16, 5.84]
5.4176	[1.32, 1.68, 2.32, 2.68, 3.32, 3.68, 4.32, 4.68, 5.32, 5.68]
5.4304	[1.36, 1.64, 2.36, 2.64, 3.36, 3.64, 4.36, 4.64, 5.36, 5.64]
5.4336	[1.08, 1.92, 2.08, 2.92, 3.08, 3.92, 4.08, 4.92, 5.08, 5.92]
5.44	[1.2, 1.4, 1.6, 1.8, 2.0, 2.2, 2.4, 2.6, 2.8, 3.0, 3.2, 3.4, 3.6, 3.8, 4.0, 4.2, 4.4, 4.6, 4.8, 5.0, 5.2, 5.4, 5.6, 5.8]
5.4464	[1.44, 1.56, 2.44, 2.56, 3.44, 3.56, 4.44, 4.56, 5.44, 5.56]
5.4496	[1.48, 1.52, 2.48, 2.52, 3.48, 3.52, 4.48, 4.52, 5.48, 5.52]
5.4624	[1.24, 1.76, 2.24, 2.76, 3.24, 3.76, 4.24, 4.76, 5.24, 5.76]
5.4656	[1.12, 1.88, 2.12, 2.88, 3.12, 3.88, 4.12, 4.88, 5.12, 5.88]
5.4784	[1.04, 1.96, 2.04, 2.96, 3.04, 3.96, 4.04, 4.96, 5.04, 5.96]
5.4816	[1.28, 1.72, 2.28, 2.72, 3.28, 3.72, 4.28, 4.72, 5.28, 5.72]
5.4944	[1.16, 1.84, 2.16, 2.84, 3.16, 3.84, 4.16, 4.84, 5.16, 5.84]
5.4976	[1.32, 1.68, 2.32, 2.68, 3.32, 3.68, 4.32, 4.68, 5.32, 5.68]
5.5104	[1.36, 1.64, 2.36, 2.64, 3.36, 3.64, 4.36, 4.64, 5.36, 5.64]
5.5136	[1.08, 1.92, 2.08, 2.92, 3.08, 3.92, 4.08, 4.92, 5.08, 5.92]
5.52	[1.0, 1.2, 1.4, 1.6, 1.8, 2.0, 2.2, 2.4, 2.6, 2.8, 3.0, 3.2, 3.4, 3.6, 3.8, 4.0, 4.2, 4.4, 4.6, 4.8, 5.0, 5.2, 5.4, 5.6, 5.8, 6.0]
5.5264	[1.44, 1.56, 2.44, 2.56, 3.44, 3.56, 4.44, 4.56, 5.44, 5.56]
5.5296	[1.48, 1.52, 2.48, 2.52, 3.48, 3.52, 4.48, 4.52, 5.48, 5.52]
5.5424	[1.24, 1.76, 2.24, 2.76, 3.24, 3.76, 4.24, 4.76, 5.24, 5.76]
5.5456	[1.88, 2.12, 2.88, 3.12, 3.88, 4.12, 4.88, 5.12]
5.5584	[1.96, 2.04, 2.96, 3.04, 3.96, 4.04, 4.96, 5.04]
5.5616	[1.28, 1.72, 2.28, 2.72, 3.28, 3.72, 4.28, 4.72, 5.28, 5.72]
5.5744	[1.16, 1.84, 2.16, 2.84, 3.16, 3.84, 4.16, 4.84, 5.16, 5.84]
5.5776	[1.32, 1.68, 2.32, 2.68, 3.32, 3.68, 4.32, 4.68, 5.32, 5.68]
5.5904	[1.36, 1.64, 2.36, 2.64, 3.36, 3.64, 4.36, 4.64, 5.36, 5.64]
5.5936	[1.92, 2.08, 2.92, 3.08, 3.92, 4.08, 4.92, 5.08]
5.6	[1.2, 1.4, 1.6, 1.8, 2.0, 2.2, 2.4, 2.6, 2.8, 3.0, 3.2, 3.4, 3.6, 3.8, 4.0, 4.2, 4.4, 4.6, 4.8, 5.0, 5.2, 5.4, 5.6, 5.8]
5.6064	[1.44, 1.56, 2.44, 2.56, 3.44, 3.56, 4.44, 4.56, 5.44, 5.56]
5.6096	[1.48, 1.52, 2.48, 2.52, 3.48, 3.52, 4.48, 4.52, 5.48, 5.52]
5.6224	[1.24, 1.76, 2.24, 2.76, 3.24, 3.76, 4.24, 4.76, 5.24, 5.76]
5.6256	[1.12, 1.88, 2.12, 2.88, 3.12, 3.88, 4.12, 4.88, 5.12, 5.88]
5.6384	[1.96, 2.04, 2.96, 3.04, 3.96, 4.04, 4.96, 5.04]
5.6416	[1.28, 1.72, 2.28, 2.72, 3.28, 3.72, 4.28, 4.72, 5.28, 5.72]
5.6544	[1.16, 1.84, 2.16, 2.84, 3.16, 3.84, 4.16, 4.84, 5.16, 5.84]
5.6576	[1.32, 1.68, 2.32, 2.68, 3.32, 3.68, 4.32, 4.68, 5.32, 5.68]
5.6704	[1.36, 1.64, 2.36, 2.64, 3.36, 3.64, 4.36, 4.64, 5.36, 5.64]
5.6736	[1.08, 1.92, 2.08, 2.92, 3.08, 3.92, 4.08, 4.92, 5.08, 5.92]
5.68	[1.2, 1.4, 1.6, 1.8, 2.0, 2.2, 2.4, 2.6, 2.8, 3.0, 3.2, 3.4, 3.6, 3.8, 4.0, 4.2, 4.4, 4.6, 4.8, 5.0, 5.2, 5.4, 5.6, 5.8]
5.6864	[1.44, 1.56, 2.44, 2.56, 3.44, 3.56, 4.44, 4.56, 5.44, 5.56]
5.6896	[1.48, 1.52, 2.48, 2.52, 3.48, 3.52, 4.48, 4.52, 5.48, 5.52]
5.7024	[1.24, 1.76, 2.24, 2.76, 3.24, 3.76, 4.24, 4.76, 5.24, 5.76]
5.7056	[1.12, 1.88, 2.12, 2.88, 3.12, 3.88, 4.12, 4.88, 5.12, 5.88]
5.7184	[1.04, 1.96, 2.04, 2.96, 3.04, 3.96, 4.04, 4.96, 5.04, 5.96]
5.7216	[1.28, 1.72, 2.28, 2.72, 3.28, 3.72, 4.28, 4.72, 5.28, 5.72]
5.7344	[1.16, 1.84, 2.16, 2.84, 3.16, 3.84, 4.16, 4.84, 5.16, 5.84]
5.7376	[1.32, 1.68, 2.32, 2.68, 3.32, 3.68, 4.32, 4.68, 5.32, 5.68]
5.7504	[1.36, 1.64, 2.36, 2.64, 3.36, 3.64, 4.36, 4.64, 5.36, 5.64]
5.7536	[1.08, 1.92, 2.08, 2.92, 3.08, 3.92, 4.08, 4.92, 5.08, 5.92]
5.76	[1.2, 1.4, 1.6, 1.8, 2.0, 2.2, 2.4, 2.6, 2.8, 3.0, 3.2, 3.4, 3.6, 3.8, 4.0, 4.2, 4.4, 4.6, 4.8, 5.0, 5.2, 5.4, 5.6, 5.8]
5.7664	[1.44, 1.56, 2.44, 2.56, 3.44, 3.56, 4.44, 4.56, 5.44, 5.56]
5.7696	[1.48, 1.52, 2.48, 2.52, 3.48, 3.52, 4.48, 4.52, 5.48, 5.52]
5.7824	[1.24, 1.76, 2.24, 2.76, 3.24, 3.76, 4.24, 4.76, 5.24, 5.76]
5.7856	[1.12, 1.88, 2.12, 2.88, 3.12, 3.88, 4.12, 4.88, 5.12, 5.88]
5.7984	[1.04, 1.96, 2.04, 2.96, 3.04, 3.96, 4.04, 4.96, 5.04, 5.96]
5.8016	[1.28, 1.72, 2.28, 2.72, 3.28, 3.72, 4.28, 4.72, 5.28, 5.72]
5.8144	[1.16, 1.84, 2.16, 2.84, 3.16, 3.84, 4.16, 4.84, 5.16, 5.84]
5.8176	[1.32, 1.68, 2.32, 2.68, 3.32, 3.68, 4.32, 4.68, 5.32, 5.68]
5.8304	[1.36, 1.64, 2.36, 2.64, 3.36, 3.64, 4.36, 4.64, 5.36, 5.64]
5.8336	[1.92, 2.08, 2.92, 3.08, 3.92, 4.08, 4.92, 5.08]
5.84	[1.2, 1.4, 1.6, 1.8, 2.0, 2.2, 2.4, 2.6, 2.8, 3.0, 3.2, 3.4, 3.6, 3.8, 4.0, 4.2, 4.4, 4.6, 4.8, 5.0, 5.2, 5.4, 5.6, 5.8]
5.8464	[1.44, 1.56, 2.44, 2.56, 3.44, 3.56, 4.44, 4.56, 5.44, 5.56]
5.8496	[1.48, 1.52, 2.48, 2.52, 3.48, 3.52, 4.48, 4.52, 5.48, 5.52]
5.8624	[1.24, 1.76, 2.24, 2.76, 3.24, 3.76, 4.24, 4.76, 5.24, 5.76]
5.8656	[1.88, 2.12, 2.88, 3.12, 3.88, 4.12, 4.88, 5.12]
5.8784	[1.96, 2.04, 2.96, 3.04, 3.96, 4.04, 4.96, 5.04]
5.8816	[1.28, 1.72, 2.28, 2.72, 3.28, 3.72, 4.28, 4.72, 5.28, 5.72]
5.8944	[1.16, 1.84, 2.16, 2.84, 3.16, 3.84, 4.16, 4.84, 5.16, 5.84]
5.8976	[1.32, 1.68, 2.32, 2.68, 3.32, 3.68, 4.32, 4.68, 5.32, 5.68]
5.9104	[1.36, 1.64, 2.36, 2.64, 3.36, 3.64, 4.36, 4.64, 5.36, 5.64]
5.9136	[1.92, 2.08, 2.92, 3.08, 3.92, 4.08, 4.92, 5.08]
5.92	[1.2, 1.4, 1.6, 1.8, 2.0, 2.2, 2.4, 2.6, 2.8, 3.0, 3.2, 3.4, 3.6, 3.8, 4.0, 4.2, 4.4, 4.6, 4.8, 5.0, 5.2, 5.4, 5.6, 5.8]
5.9264	[1.44, 1.56, 2.44, 2.56, 3.44, 3.56, 4.44, 4.56, 5.44, 5.56]
5.9296	[1.48, 1.52, 2.48, 2.52, 3.48, 3.52, 4.48, 4.52, 5.48, 5.52]
5.9424	[1.24, 1.76, 2.24, 2.76, 3.24, 3.76, 4.24, 4.76, 5.24, 5.76]
5.9456	[1.88, 2.12, 2.88, 3.12, 3.88, 4.12, 4.88, 5.12]
5.9584	[1.96, 2.04, 2.96, 3.04, 3.96, 4.04, 4.96, 5.04]
5.9616	[1.28, 1.72, 2.28, 2.72, 3.28, 3.72, 4.28, 4.72, 5.28, 5.72]
5.9744	[1.84, 2.16, 2.84, 3.16, 3.84, 4.16, 4.84, 5.16]
5.9776	[1.32, 1.68, 2.32, 2.68, 3.32, 3.68, 4.32, 4.68, 5.32, 5.68]
5.9904	[1.36, 1.64, 2.36, 2.64, 3.36, 3.64, 4.36, 4.64, 5.36, 5.64]
5.9936	[1.92, 2.08, 2.92, 3.08, 3.92, 4.08, 4.92, 5.08]
6.0	[1.2, 1.4, 1.6, 1.8, 2.0, 2.2, 2.4, 2.6, 2.8, 3.0, 3.2, 3.4, 3.6, 3.8, 4.0, 4.2, 4.4, 4.6, 4.8, 5.0, 5.2, 5.4, 5.6, 5.8]
6.0064	[1.44, 1.56, 2.44, 2.56, 3.44, 3.56, 4.44, 4.56, 5.44, 5.56]
6.0096	[1.48, 1.52, 2.48, 2.52, 3.48, 3.52, 4.48, 4.52, 5.48, 5.52]
6.0224	[1.24, 1.76, 2.24, 2.76, 3.24, 3.76, 4.24, 4.76, 5.24, 5.76]
6.0256	[1.88, 2.12, 2.88, 3.12, 3.88, 4.12, 4.88, 5.12]
6.0384	[1.96, 2.04, 2.96, 3.04, 3.96, 4.04, 4.96, 5.04]
6.0416	[1.28, 1.72, 2.28, 2.72, 3.28, 3.72, 4.28, 4.72, 5.28, 5.72]
6.0544	[1.16, 1.84, 2.16, 2.84, 3.16, 3.84, 4.16, 4.84, 5.16, 5.84]
6.0576	[1.32, 1.68, 2.32, 2.68, 3.32, 3.68, 4.32, 4.68, 5.32, 5.68]
6.0704	[1.36, 1.64, 2.36, 2.64, 3.36, 3.64, 4.36, 4.64, 5.36, 5.64]
6.0736	[1.92, 2.08, 2.92, 3.08, 3.92, 4.08, 4.92, 5.08]
6.08	[1.2, 1.4, 1.6, 1.8, 2.0, 2.2, 2.4, 2.6, 2.8, 3.0, 3.2, 3.4, 3.6, 3.8, 4.0, 4.2, 4.4, 4.6, 4.8, 5.0, 5.2, 5.4, 5.6, 5.8]
6.0864	[1.44, 1.56, 2.44, 2.56, 3.44, 3.56, 4.44, 4.56, 5.44, 5.56]
6.0896	[1.48, 1.52, 2.48, 2.52, 3.48, 3.52, 4.48, 4.52, 5.48, 5.52]
6.1024	[1.24, 1.76, 2.24, 2.76, 3.24, 3.76, 4.24, 4.76, 5.24, 5.76]
6.1056	[1.12, 1.88, 2.12, 2.88, 3.12, 3.88, 4.12, 4.88, 5.12, 5.88]
6.1184	[1.96, 2.04, 2.96, 3.04, 3.96, 4.04, 4.96, 5.04]
6.1216	[1.28, 1.72, 2.28, 2.72, 3.28, 3.72, 4.28, 4.72, 5.28, 5.72]
6.1344	[1.16, 1.84, 2.16, 2.84, 3.16, 3.84, 4.16, 4.84, 5.16, 5.84]
6.1376	[1.32, 1.68, 2.32, 2.68, 3.32, 3.68, 4.32, 4.68, 5.32, 5.68]
6.1504	[1.36, 1.64, 2.36, 2.64, 3.36, 3.64, 4.36, 4.64, 5.36, 5.64]
6.1536	[1.08, 1.92, 2.08, 2.92, 3.08, 3.92, 4.08, 4.92, 5.08, 5.92]
6.16	[1.4, 1.6, 1.8, 2.0, 2.2, 2.4, 2.6, 2.8, 3.0, 3.2, 3.4, 3.6, 3.8, 4.0, 4.2, 4.4, 4.6, 4.8, 5.0, 5.2, 5.4, 5.6]
6.1664	[1.44, 1.56, 2.44, 2.56, 3.44, 3.56, 4.44, 4.56, 5.44, 5.56]
6.1696	[1.48, 1.52, 2.48, 2.52, 3.48, 3.52, 4.48, 4.52, 5.48, 5.52]
6.1824	[1.24, 1.76, 2.24, 2.76, 3.24, 3.76, 4.24, 4.76, 5.24, 5.76]
6.1856	[1.88, 2.12, 2.88, 3.12, 3.88, 4.12, 4.88, 5.12]
6.1984	[1.96, 2.04, 2.96, 3.04, 3.96, 4.04, 4.96, 5.04]
6.2016	[1.28, 1.72, 2.28, 2.72, 3.28, 3.72, 4.28, 4.72, 5.28, 5.72]
6.2144	[1.84, 2.16, 2.84, 3.16, 3.84, 4.16, 4.84, 5.16]
6.2176	[1.32, 1.68, 2.32, 2.68, 3.32, 3.68, 4.32, 4.68, 5.32, 5.68]
6.2304	[1.36, 1.64, 2.36, 2.64, 3.36, 3.64, 4.36, 4.64, 5.36, 5.64]
6.2336	[1.92, 2.08, 2.92, 3.08, 3.92, 4.08, 4.92, 5.08]
6.24	[1.2, 1.4, 1.6, 1.8, 2.0, 2.2, 2.4, 2.6, 2.8, 3.0, 3.2, 3.4, 3.6, 3.8, 4.0, 4.2, 4.4, 4.6, 4.8, 5.0, 5.2, 5.4, 5.6, 5.8]
6.2464	[1.44, 1.56, 2.44, 2.56, 3.44, 3.56, 4.44, 4.56, 5.44, 5.56]
6.2496	[1.48, 1.52, 2.48, 2.52, 3.48, 3.52, 4.48, 4.52, 5.48, 5.52]
6.2624	[1.24, 1.76, 2.24, 2.76, 3.24, 3.76, 4.24, 4.76, 5.24, 5.76]
6.2656	[1.88, 2.12, 2.88, 3.12, 3.88, 4.12, 4.88, 5.12]
6.2784	[1.96, 2.04, 2.96, 3.04, 3.96, 4.04, 4.96, 5.04]
6.2816	[1.28, 1.72, 2.28, 2.72, 3.28, 3.72, 4.28, 4.72, 5.28, 5.72]
6.2944	[1.84, 2.16, 2.84, 3.16, 3.84, 4.16, 4.84, 5.16]
6.2976	[1.32, 1.68, 2.32, 2.68, 3.32, 3.68, 4.32, 4.68, 5.32, 5.68]
6.3104	[1.36, 1.64, 2.36, 2.64, 3.36, 3.64, 4.36, 4.64, 5.36, 5.64]
6.3136	[1.92, 2.08, 2.92, 3.08, 3.92, 4.08, 4.92, 5.08]
6.32	[1.4, 1.6, 1.8, 2.0, 2.2, 2.4, 2.6, 2.8, 3.0, 3.2, 3.4, 3.6, 3.8, 4.0, 4.2, 4.4, 4.6, 4.8, 5.0, 5.2, 5.4, 5.6]
6.3264	[1.44, 1.56, 2.44, 2.56, 3.44, 3.56, 4.44, 4.56, 5.44, 5.56]
6.3296	[1.48, 1.52, 2.48, 2.52, 3.48, 3.52, 4.48, 4.52, 5.48, 5.52]
6.3424	[1.24, 1.76, 2.24, 2.76, 3.24, 3.76, 4.24, 4.76, 5.24, 5.76]
6.3456	[1.88, 2.12, 2.88, 3.12, 3.88, 4.12, 4.88, 5.12]
6.3584	[1.96, 2.04, 2.96, 3.04, 3.96, 4.04, 4.96, 5.04]
6.3616	[1.28, 1.72, 2.28, 2.72, 3.28, 3.72, 4.28, 4.72, 5.28, 5.72]
6.3744	[1.84, 2.16, 2.84, 3.16, 3.84, 4.16, 4.84, 5.16]
6.3776	[1.32, 1.68, 2.32, 2.68, 3.32, 3.68, 4.32, 4.68, 5.32, 5.68]
6.3904	[1.36, 1.64, 2.36, 2.64, 3.36, 3.64, 4.36, 4.64, 5.36, 5.64]
6.3936	[1.92, 2.08, 2.92, 3.08, 3.92, 4.08, 4.92, 5.08]
6.4	[1.4, 1.6, 1.8, 2.0, 2.2, 2.4, 2.6, 2.8, 3.0, 3.2, 3.4, 3.6, 3.8, 4.0, 4.2, 4.4, 4.6, 4.8, 5.0, 5.2, 5.4, 5.6]
6.4064	[1.44, 1.56, 2.44, 2.56, 3.44, 3.56, 4.44, 4.56, 5.44, 5.56]
6.4096	[1.48, 1.52, 2.48, 2.52, 3.48, 3.52, 4.48, 4.52, 5.48, 5.52]
6.4224	[1.24, 1.76, 2.24, 2.76, 3.24, 3.76, 4.24, 4.76, 5.24, 5.76]
6.4256	[1.88, 2.12, 2.88, 3.12, 3.88, 4.12, 4.88, 5.12]
6.4384	[1.96, 2.04, 2.96, 3.04, 3.96, 4.04, 4.96, 5.04]
6.4416	[1.28, 1.72, 2.28, 2.72, 3.28, 3.72, 4.28, 4.72, 5.28, 5.72]
6.4544	[1.84, 2.16, 2.84, 3.16, 3.84, 4.16, 4.84, 5.16]
6.4576	[1.32, 1.68, 2.32, 2.68, 3.32, 3.68, 4.32, 4.68, 5.32, 5.68]
6.4704	[1.36, 1.64, 2.36, 2.64, 3.36, 3.64, 4.36, 4.64, 5.36, 5.64]
6.4736	[1.92, 2.08, 2.92, 3.08, 3.92, 4.08, 4.92, 5.08]
6.48	[1.2, 1.4, 1.6, 1.8, 2.0, 2.2, 2.4, 2.6, 2.8, 3.0, 3.2, 3.4, 3.6, 3.8, 4.0, 4.2, 4.4, 4.6, 4.8, 5.0, 5.2, 5.4, 5.6, 5.8]
6.4864	[1.44, 1.56, 2.44, 2.56, 3.44, 3.56, 4.44, 4.56, 5.44, 5.56]
6.4896	[1.48, 1.52, 2.48, 2.52, 3.48, 3.52, 4.48, 4.52, 5.48, 5.52]
6.5024	[1.24, 1.76, 2.24, 2.76, 3.24, 3.76, 4.24, 4.76, 5.24, 5.76]
6.5056	[1.88, 2.12, 2.88, 3.12, 3.88, 4.12, 4.88, 5.12]
6.5184	[1.96, 2.04, 2.96, 3.04, 3.96, 4.04, 4.96, 5.04]
6.5216	[1.28, 1.72, 2.28, 2.72, 3.28, 3.72, 4.28, 4.72, 5.28, 5.72]
6.5344	[1.16, 1.84, 2.16, 2.84, 3.16, 3.84, 4.16, 4.84, 5.16, 5.84]
6.5376	[1.32, 1.68, 2.32, 2.68, 3.32, 3.68, 4.32, 4.68, 5.32, 5.68]
6.5504	[1.36, 1.64, 2.36, 2.64, 3.36, 3.64, 4.36, 4.64, 5.36, 5.64]
6.5536	[1.92, 2.08, 2.92, 3.08, 3.92, 4.08, 4.92, 5.08]
6.56	[1.2, 1.4, 1.6, 1.8, 2.0, 2.2, 2.4, 2.6, 2.8, 3.0, 3.2, 3.4, 3.6, 3.8, 4.0, 4.2, 4.4, 4.6, 4.8, 5.0, 5.2, 5.4, 5.6, 5.8]
6.5664	[1.44, 1.56, 2.44, 2.56, 3.44, 3.56, 4.44, 4.56, 5.44, 5.56]
6.5696	[1.48, 1.52, 2.48, 2.52, 3.48, 3.52, 4.48, 4.52, 5.48, 5.52]
6.5824	[1.76, 2.24, 2.76, 3.24, 3.76, 4.24, 4.76, 5.24]
6.5856	[1.12, 1.88, 2.12, 2.88, 3.12, 3.88, 4.12, 4.88, 5.12, 5.88]
6.5984	[1.96, 2.04, 2.96, 3.04, 3.96, 4.04, 4.96, 5.04]
6.6016	[1.28, 1.72, 2.28, 2.72, 3.28, 3.72, 4.28, 4.72, 5.28, 5.72]
6.6144	[1.84, 2.16, 2.84, 3.16, 3.84, 4.16, 4.84, 5.16]
6.6176	[1.32, 1.68, 2.32, 2.68, 3.32, 3.68, 4.32, 4.68, 5.32, 5.68]
6.6304	[1.36, 1.64, 2.36, 2.64, 3.36, 3.64, 4.36, 4.64, 5.36, 5.64]
6.6336	[1.92, 2.08, 2.92, 3.08, 3.92, 4.08, 4.92, 5.08]
6.64	[1.4, 1.6, 1.8, 2.0, 2.2, 2.4, 2.6, 2.8, 3.0, 3.2, 3.4, 3.6, 3.8, 4.0, 4.2, 4.4, 4.6, 4.8, 5.0, 5.2, 5.4, 5.6]
6.6464	[1.44, 1.56, 2.44, 2.56, 3.44, 3.56, 4.44, 4.56, 5.44, 5.56]
6.6496	[1.48, 1.52, 2.48, 2.52, 3.48, 3.52, 4.48, 4.52, 5.48, 5.52]
6.6624	[1.24, 1.76, 2.24, 2.76, 3.24, 3.76, 4.24, 4.76, 5.24, 5.76]
6.6656	[1.88, 2.12, 2.88, 3.12, 3.88, 4.12, 4.88, 5.12]
6.6784	[1.96, 2.04, 2.96, 3.04, 3.96, 4.04, 4.96, 5.04]
6.6816	[1.28, 1.72, 2.28, 2.72, 3.28, 3.72, 4.28, 4.72, 5.28, 5.72]
6.6944	[1.84, 2.16, 2.84, 3.16, 3.84, 4.16, 4.84, 5.16]
6.6976	[1.68, 2.32, 2.68, 3.32, 3.68, 4.32, 4.68, 5.32]
6.7104	[1.36, 1.64, 2.36, 2.64, 3.36, 3.64, 4.36, 4.64, 5.36, 5.64]
6.7136	[1.92, 2.08, 2.92, 3.08, 3.92, 4.08, 4.92, 5.08]
6.72	[1.4, 1.6, 1.8, 2.0, 2.2, 2.4, 2.6, 2.8, 3.0, 3.2, 3.4, 3.6, 3.8, 4.0, 4.2, 4.4, 4.6, 4.8, 5.0, 5.2, 5.4, 5.6]
6.7264	[1.44, 1.56, 2.44, 2.56, 3.44, 3.56, 4.44, 4.56, 5.44, 5.56]
6.7296	[1.48, 1.52, 2.48, 2.52, 3.48, 3.52, 4.48, 4.52, 5.48, 5.52]
6.7424	[1.76, 2.24, 2.76, 3.24, 3.76, 4.24, 4.76, 5.24]
6.7456	[1.88, 2.12, 2.88, 3.12, 3.88, 4.12, 4.88, 5.12]
6.7584	[1.96, 2.04, 2.96, 3.04, 3.96, 4.04, 4.96, 5.04]
6.7616	[1.72, 2.28, 2.72, 3.28, 3.72, 4.28, 4.72, 5.28]
6.7744	[1.84, 2.16, 2.84, 3.16, 3.84, 4.16, 4.84, 5.16]
6.7776	[1.32, 1.68, 2.32, 2.68, 3.32, 3.68, 4.32, 4.68, 5.32, 5.68]
6.7904	[1.36, 1.64, 2.36, 2.64, 3.36, 3.64, 4.36, 4.64, 5.36, 5.64]
6.7936	[1.92, 2.08, 2.92, 3.08, 3.92, 4.08, 4.92, 5.08]
6.8	[1.6, 1.8, 2.0, 2.2, 2.4, 2.6, 2.8, 3.0, 3.2, 3.4, 3.6, 3.8, 4.0, 4.2, 4.4, 4.6, 4.8, 5.0, 5.2, 5.4]
6.8064	[1.44, 1.56, 2.44, 2.56, 3.44, 3.56, 4.44, 4.56, 5.44, 5.56]
6.8096	[1.48, 1.52, 2.48, 2.52, 3.48, 3.52, 4.48, 4.52, 5.48, 5.52]
6.8224	[1.76, 2.24, 2.76, 3.24, 3.76, 4.24, 4.76, 5.24]
6.8256	[1.88, 2.12, 2.88, 3.12, 3.88, 4.12, 4.88, 5.12]
6.8384	[1.96, 2.04, 2.96, 3.04, 3.96, 4.04, 4.96, 5.04]
6.8416	[1.28, 1.72, 2.28, 2.72, 3.28, 3.72, 4.28, 4.72, 5.28, 5.72]
6.8544	[1.84, 2.16, 2.84, 3.16, 3.84, 4.16, 4.84, 5.16]
6.8576	[1.68, 2.32, 2.68, 3.32, 3.68, 4.32, 4.68, 5.32]
6.8704	[1.64, 2.36, 2.64, 3.36, 3.64, 4.36, 4.64, 5.36]
6.8736	[1.92, 2.08, 2.92, 3.08, 3.92, 4.08, 4.92, 5.08]
6.88	[1.4, 1.6, 1.8, 2.0, 2.2, 2.4, 2.6, 2.8, 3.0, 3.2, 3.4, 3.6, 3.8, 4.0, 4.2, 4.4, 4.6, 4.8, 5.0, 5.2, 5.4, 5.6]
6.8864	[1.44, 1.56, 2.44, 2.56, 3.44, 3.56, 4.44, 4.56, 5.44, 5.56]
6.8896	[1.48, 1.52, 2.48, 2.52, 3.48, 3.52, 4.48, 4.52, 5.48, 5.52]
6.9024	[1.76, 2.24, 2.76, 3.24, 3.76, 4.24, 4.76, 5.24]
6.9056	[1.88, 2.12, 2.88, 3.12, 3.88, 4.12, 4.88, 5.12]
6.9184	[1.96, 2.04, 2.96, 3.04, 3.96, 4.04, 4.96, 5.04]
6.9216	[1.72, 2.28, 2.72, 3.28, 3.72, 4.28, 4.72, 5.28]
6.9344	[1.84, 2.16, 2.84, 3.16, 3.84, 4.16, 4.84, 5.16]
6.9376	[1.68, 2.32, 2.68, 3.32, 3.68, 4.32, 4.68, 5.32]
6.9504	[1.36, 1.64, 2.36, 2.64, 3.36, 3.64, 4.36, 4.64, 5.36, 5.64]
6.9536	[1.92, 2.08, 2.92, 3.08, 3.92, 4.08, 4.92, 5.08]
6.96	[1.4, 1.6, 1.8, 2.0, 2.2, 2.4, 2.6, 2.8, 3.0, 3.2, 3.4, 3.6, 3.8, 4.0, 4.2, 4.4, 4.6, 4.8, 5.0, 5.2, 5.4, 5.6]
6.9664	[1.44, 1.56, 2.44, 2.56, 3.44, 3.56, 4.44, 4.56, 5.44, 5.56]
6.9696	[1.48, 1.52, 2.48, 2.52, 3.48, 3.52, 4.48, 4.52, 5.48, 5.52]
6.9824	[1.76, 2.24, 2.76, 3.24, 3.76, 4.24, 4.76, 5.24]
6.9856	[1.88, 2.12, 2.88, 3.12, 3.88, 4.12, 4.88, 5.12]
6.9984	[1.96, 2.04, 2.96, 3.04, 3.96, 4.04, 4.96, 5.04]
7.0016	[1.72, 2.28, 2.72, 3.28, 3.72, 4.28, 4.72, 5.28]
7.0144	[1.84, 2.16, 2.84, 3.16, 3.84, 4.16, 4.84, 5.16]
7.0176	[1.32, 1.68, 2.32, 2.68, 3.32, 3.68, 4.32, 4.68, 5.32, 5.68]
7.0304	[1.36, 1.64, 2.36, 2.64, 3.36, 3.64, 4.36, 4.64, 5.36, 5.64]
7.0336	[1.92, 2.08, 2.92, 3.08, 3.92, 4.08, 4.92, 5.08]
7.04	[1.4, 1.6, 1.8, 2.0, 2.2, 2.4, 2.6, 2.8, 3.0, 3.2, 3.4, 3.6, 3.8, 4.0, 4.2, 4.4, 4.6, 4.8, 5.0, 5.2, 5.4, 5.6]
7.0464	[1.44, 1.56, 2.44, 2.56, 3.44, 3.56, 4.44, 4.56, 5.44, 5.56]
7.0496	[1.48, 1.52, 2.48, 2.52, 3.48, 3.52, 4.48, 4.52, 5.48, 5.52]
7.0624	[1.76, 2.24, 2.76, 3.24, 3.76, 4.24, 4.76, 5.24]
7.0656	[1.88, 2.12, 2.88, 3.12, 3.88, 4.12, 4.88, 5.12]
7.0784	[1.96, 2.04, 2.96, 3.04, 3.96, 4.04, 4.96, 5.04]
7.0816	[1.72, 2.28, 2.72, 3.28, 3.72, 4.28, 4.72, 5.28]
7.0944	[1.84, 2.16, 2.84, 3.16, 3.84, 4.16, 4.84, 5.16]
7.0976	[1.32, 1.68, 2.32, 2.68, 3.32, 3.68, 4.32, 4.68, 5.32, 5.68]
7.1104	[1.64, 2.36, 2.64, 3.36, 3.64, 4.36, 4.64, 5.36]
7.1136	[1.92, 2.08, 2.92, 3.08, 3.92, 4.08, 4.92, 5.08]
7.12	[1.6, 1.8, 2.0, 2.2, 2.4, 2.6, 2.8, 3.0, 3.2, 3.4, 3.6, 3.8, 4.0, 4.2, 4.4, 4.6, 4.8, 5.0, 5.2, 5.4]
7.1264	[1.44, 1.56, 2.44, 2.56, 3.44, 3.56, 4.44, 4.56, 5.44, 5.56]
7.1296	[1.48, 1.52, 2.48, 2.52, 3.48, 3.52, 4.48, 4.52, 5.48, 5.52]
7.1424	[1.76, 2.24, 2.76, 3.24, 3.76, 4.24, 4.76, 5.24]
7.1456	[1.88, 2.12, 2.88, 3.12, 3.88, 4.12, 4.88, 5.12]
7.1584	[1.96, 2.04, 2.96, 3.04, 3.96, 4.04, 4.96, 5.04]
7.1616	[1.72, 2.28, 2.72, 3.28, 3.72, 4.28, 4.72, 5.28]
7.1744	[1.84, 2.16, 2.84, 3.16, 3.84, 4.16, 4.84, 5.16]
7.1776	[1.68, 2.32, 2.68, 3.32, 3.68, 4.32, 4.68, 5.32]
7.1904	[1.64, 2.36, 2.64, 3.36, 3.64, 4.36, 4.64, 5.36]
7.1936	[1.92, 2.08, 2.92, 3.08, 3.92, 4.08, 4.92, 5.08]
7.2	[1.6, 1.8, 2.0, 2.2, 2.4, 2.6, 2.8, 3.0, 3.2, 3.4, 3.6, 3.8, 4.0, 4.2, 4.4, 4.6, 4.8, 5.0, 5.2, 5.4]
7.2064	[1.56, 2.44, 2.56, 3.44, 3.56, 4.44, 4.56, 5.44]
7.2096	[1.48, 1.52, 2.48, 2.52, 3.48, 3.52, 4.48, 4.52, 5.48, 5.52]
7.2224	[1.76, 2.24, 2.76, 3.24, 3.76, 4.24, 4.76, 5.24]
7.2256	[1.88, 2.12, 2.88, 3.12, 3.88, 4.12, 4.88, 5.12]
7.2384	[1.96, 2.04, 2.96, 3.04, 3.96, 4.04, 4.96, 5.04]
7.2416	[1.72, 2.28, 2.72, 3.28, 3.72, 4.28, 4.72, 5.28]
7.2544	[1.84, 2.16, 2.84, 3.16, 3.84, 4.16, 4.84, 5.16]
7.2576	[1.68, 2.32, 2.68, 3.32, 3.68, 4.32, 4.68, 5.32]
7.2704	[1.64, 2.36, 2.64, 3.36, 3.64, 4.36, 4.64, 5.36]
7.2736	[1.92, 2.08, 2.92, 3.08, 3.92, 4.08, 4.92, 5.08]
7.28	[1.6, 1.8, 2.0, 2.2, 2.4, 2.6, 2.8, 3.0, 3.2, 3.4, 3.6, 3.8, 4.0, 4.2, 4.4, 4.6, 4.8, 5.0, 5.2, 5.4]
7.2864	[1.44, 1.56, 2.44, 2.56, 3.44, 3.56, 4.44, 4.56, 5.44, 5.56]
7.2896	[1.48, 1.52, 2.48, 2.52, 3.48, 3.52, 4.48, 4.52, 5.48, 5.52]
7.3024	[1.76, 2.24, 2.76, 3.24, 3.76, 4.24, 4.76, 5.24]
7.3056	[1.88, 2.12, 2.88, 3.12, 3.88, 4.12, 4.88, 5.12]
7.3184	[1.96, 2.04, 2.96, 3.04, 3.96, 4.04, 4.96, 5.04]
7.3216	[1.72, 2.28, 2.72, 3.28, 3.72, 4.28, 4.72, 5.28]
7.3344	[1.84, 2.16, 2.84, 3.16, 3.84, 4.16, 4.84, 5.16]
7.3376	[1.68, 2.32, 2.68, 3.32, 3.68, 4.32, 4.68, 5.32]
7.3504	[1.64, 2.36, 2.64, 3.36, 3.64, 4.36, 4.64, 5.36]
7.3536	[1.92, 2.08, 2.92, 3.08, 3.92, 4.08, 4.92, 5.08]
7.36	[1.4, 1.6, 1.8, 2.0, 2.2, 2.4, 2.6, 2.8, 3.0, 3.2, 3.4, 3.6, 3.8, 4.0, 4.2, 4.4, 4.6, 4.8, 5.0, 5.2, 5.4, 5.6]
7.3664	[1.44, 1.56, 2.44, 2.56, 3.44, 3.56, 4.44, 4.56, 5.44, 5.56]
7.3696	[1.52, 2.48, 2.52, 3.48, 3.52, 4.48, 4.52, 5.48]
7.3824	[1.76, 2.24, 2.76, 3.24, 3.76, 4.24, 4.76, 5.24]
7.3856	[1.88, 2.12, 2.88, 3.12, 3.88, 4.12, 4.88, 5.12]
7.3984	[1.96, 2.04, 2.96, 3.04, 3.96, 4.04, 4.96, 5.04]
7.4016	[1.72, 2.28, 2.72, 3.28, 3.72, 4.28, 4.72, 5.28]
7.4144	[1.84, 2.16, 2.84, 3.16, 3.84, 4.16, 4.84, 5.16]
7.4176	[1.68, 2.32, 2.68, 3.32, 3.68, 4.32, 4.68, 5.32]
7.4304	[1.36, 1.64, 2.36, 2.64, 3.36, 3.64, 4.36, 4.64, 5.36, 5.64]
7.4336	[1.92, 2.08, 2.92, 3.08, 3.92, 4.08, 4.92, 5.08]
7.44	[1.6, 1.8, 2.0, 2.2, 2.4, 2.6, 2.8, 3.0, 3.2, 3.4, 3.6, 3.8, 4.0, 4.2, 4.4, 4.6, 4.8, 5.0, 5.2, 5.4]
7.4464	[1.56, 2.44, 2.56, 3.44, 3.56, 4.44, 4.56, 5.44]
7.4496	[1.48, 1.52, 2.48, 2.52, 3.48, 3.52, 4.48, 4.52, 5.48, 5.52]
7.4624	[1.76, 2.24, 2.76, 3.24, 3.76, 4.24, 4.76, 5.24]
7.4656	[1.88, 2.12, 2.88, 3.12, 3.88, 4.12, 4.88, 5.12]
7.4784	[1.96, 2.04, 2.96, 3.04, 3.96, 4.04, 4.96, 5.04]
7.4816	[1.72, 2.28, 2.72, 3.28, 3.72, 4.28, 4.72, 5.28]
7.4944	[1.84, 2.16, 2.84, 3.16, 3.84, 4.16, 4.84, 5.16]
7.4976	[1.68, 2.32, 2.68, 3.32, 3.68, 4.32, 4.68, 5.32]
7.5104	[1.64, 2.36, 2.64, 3.36, 3.64, 4.36, 4.64, 5.36]
7.5136	[1.92, 2.08, 2.92, 3.08, 3.92, 4.08, 4.92, 5.08]
7.52	[1.6, 1.8, 2.0, 2.2, 2.4, 2.6, 2.8, 3.0, 3.2, 3.4, 3.6, 3.8, 4.0, 4.2, 4.4, 4.6, 4.8, 5.0, 5.2, 5.4]
7.5264	[1.56, 2.44, 2.56, 3.44, 3.56, 4.44, 4.56, 5.44]
7.5296	[1.52, 2.48, 2.52, 3.48, 3.52, 4.48, 4.52, 5.48]
7.5424	[1.76, 2.24, 2.76, 3.24, 3.76, 4.24, 4.76, 5.24]
7.5456	[1.88, 2.12, 2.88, 3.12, 3.88, 4.12, 4.88, 5.12]
7.5584	[1.96, 2.04, 2.96, 3.04, 3.96, 4.04, 4.96, 5.04]
7.5616	[1.72, 2.28, 2.72, 3.28, 3.72, 4.28, 4.72, 5.28]
7.5744	[1.84, 2.16, 2.84, 3.16, 3.84, 4.16, 4.84, 5.16]
7.5776	[1.68, 2.32, 2.68, 3.32, 3.68, 4.32, 4.68, 5.32]
7.5904	[1.64, 2.36, 2.64, 3.36, 3.64, 4.36, 4.64, 5.36]
7.5936	[1.92, 2.08, 2.92, 3.08, 3.92, 4.08, 4.92, 5.08]
7.6	[1.6, 1.8, 2.0, 2.2, 2.4, 2.6, 2.8, 3.0, 3.2, 3.4, 3.6, 3.8, 4.0, 4.2, 4.4, 4.6, 4.8, 5.0, 5.2, 5.4]
7.6064	[1.56, 2.44, 2.56, 3.44, 3.56, 4.44, 4.56, 5.44]
7.6096	[1.52, 2.48, 2.52, 3.48, 3.52, 4.48, 4.52, 5.48]
7.6224	[1.76, 2.24, 2.76, 3.24, 3.76, 4.24, 4.76, 5.24]
7.6256	[1.88, 2.12, 2.88, 3.12, 3.88, 4.12, 4.88, 5.12]
7.6384	[1.96, 2.04, 2.96, 3.04, 3.96, 4.04, 4.96, 5.04]
7.6416	[1.72, 2.28, 2.72, 3.28, 3.72, 4.28, 4.72, 5.28]
7.6544	[1.84, 2.16, 2.84, 3.16, 3.84, 4.16, 4.84, 5.16]
7.6576	[1.68, 2.32, 2.68, 3.32, 3.68, 4.32, 4.68, 5.32]
7.6704	[1.64, 2.36, 2.64, 3.36, 3.64, 4.36, 4.64, 5.36]
7.6736	[1.92, 2.08, 2.92, 3.08, 3.92, 4.08, 4.92, 5.08]
7.68	[1.6, 1.8, 2.0, 2.2, 2.4, 2.6, 2.8, 3.0, 3.2, 3.4, 3.6, 3.8, 4.0, 4.2, 4.4, 4.6, 4.8, 5.0, 5.2, 5.4]
7.6864	[1.56, 2.44, 2.56, 3.44, 3.56, 4.44, 4.56, 5.44]
7.6896	[1.48, 1.52, 2.48, 2.52, 3.48, 3.52, 4.48, 4.52, 5.48, 5.52]
7.7024	[1.76, 2.24, 2.76, 3.24, 3.76, 4.24, 4.76, 5.24]
7.7056	[1.88, 2.12, 2.88, 3.12, 3.88, 4.12, 4.88, 5.12]
7.7184	[1.96, 2.04, 2.96, 3.04, 3.96, 4.04, 4.96, 5.04]
7.7216	[1.72, 2.28, 2.72, 3.28, 3.72, 4.28, 4.72, 5.28]
7.7344	[1.84, 2.16, 2.84, 3.16, 3.84, 4.16, 4.84, 5.16]
7.7376	[1.68, 2.32, 2.68, 3.32, 3.68, 4.32, 4.68, 5.32]
7.7504	[1.64, 2.36, 2.64, 3.36, 3.64, 4.36, 4.64, 5.36]
7.7536	[1.92, 2.08, 2.92, 3.08, 3.92, 4.08, 4.92, 5.08]
7.76	[1.6, 1.8, 2.0, 2.2, 2.4, 2.6, 2.8, 3.0, 3.2, 3.4, 3.6, 3.8, 4.0, 4.2, 4.4, 4.6, 4.8, 5.0, 5.2, 5.4]
7.7664	[1.44, 1.56, 2.44, 2.56, 3.44, 3.56, 4.44, 4.56, 5.44, 5.56]
7.7696	[1.48, 2.48, 2.52, 3.48, 3.52, 4.48, 4.52, 5.52]
7.7824	[1.76, 2.24, 2.76, 3.24, 3.76, 4.24, 4.76, 5.24]
7.7856	[1.88, 2.12, 2.88, 3.12, 3.88, 4.12, 4.88, 5.12]
7.7984	[1.96, 2.04, 2.96, 3.04, 3.96, 4.04, 4.96, 5.04]
7.8016	[1.72, 2.28, 2.72, 3.28, 3.72, 4.28, 4.72, 5.28]
7.8144	[1.84, 2.16, 2.84, 3.16, 3.84, 4.16, 4.84, 5.16]
7.8176	[1.68, 2.32, 2.68, 3.32, 3.68, 4.32, 4.68, 5.32]
7.8304	[1.64, 2.36, 2.64, 3.36, 3.64, 4.36, 4.64, 5.36]
7.8336	[1.92, 2.08, 2.92, 3.08, 3.92, 4.08, 4.92, 5.08]
7.84	[1.4, 1.8, 2.0, 2.2, 2.4, 2.6, 2.8, 3.0, 3.2, 3.4, 3.6, 3.8, 4.0, 4.2, 4.4, 4.6, 4.8, 5.0, 5.2, 5.6]
7.8464	[1.56, 2.44, 2.56, 3.44, 3.56, 4.44, 4.56, 5.44]
7.8496	[1.52, 2.48, 2.52, 3.48, 3.52, 4.48, 4.52, 5.48]
7.8624	[1.76, 2.24, 2.76, 3.24, 3.76, 4.24, 4.76, 5.24]
7.8656	[1.88, 2.12, 2.88, 3.12, 3.88, 4.12, 4.88, 5.12]
7.8784	[1.96, 2.04, 2.96, 3.04, 3.96, 4.04, 4.96, 5.04]
7.8816	[1.72, 2.28, 2.72, 3.28, 3.72, 4.28, 4.72, 5.28]
7.8944	[1.84, 2.16, 2.84, 3.16, 3.84, 4.16, 4.84, 5.16]
7.8976	[2.32, 2.68, 3.32, 3.68, 4.32, 4.68]
7.9104	[1.64, 2.36, 2.64, 3.36, 3.64, 4.36, 4.64, 5.36]
7.9136	[1.92, 2.08, 2.92, 3.08, 3.92, 4.08, 4.92, 5.08]
7.92	[1.6, 1.8, 2.0, 2.2, 2.4, 2.6, 2.8, 3.0, 3.2, 3.4, 3.6, 3.8, 4.0, 4.2, 4.4, 4.6, 4.8, 5.0, 5.2, 5.4]
7.9264	[2.44, 2.56, 3.44, 3.56, 4.44, 4.56]
7.9296	[2.48, 2.52, 3.48, 3.52, 4.48, 4.52]
7.9424	[1.76, 2.24, 2.76, 3.24, 3.76, 4.24, 4.76, 5.24]
7.9456	[1.88, 2.12, 2.88, 3.12, 3.88, 4.12, 4.88, 5.12]
7.9584	[1.96, 2.04, 2.96, 3.04, 3.96, 4.04, 4.96, 5.04]
7.9616	[1.72, 2.28, 2.72, 3.28, 3.72, 4.28, 4.72, 5.28]
7.9744	[1.84, 2.16, 2.84, 3.16, 3.84, 4.16, 4.84, 5.16]
7.9776	[1.68, 2.32, 2.68, 3.32, 3.68, 4.32, 4.68, 5.32]
7.9904	[2.36, 2.64, 3.36, 3.64, 4.36, 4.64]
7.9936	[1.92, 2.08, 2.92, 3.08, 3.92, 4.08, 4.92, 5.08]
8.0	[1.8, 2.0, 2.2, 2.4, 2.6, 2.8, 3.0, 3.2, 3.4, 3.6, 3.8, 4.0, 4.2, 4.4, 4.6, 4.8, 5.0, 5.2]
8.0064	[1.56, 2.44, 2.56, 3.44, 3.56, 4.44, 4.56, 5.44]
8.0096	[2.48, 2.52, 3.48, 3.52, 4.48, 4.52]
8.0224	[1.76, 2.24, 2.76, 3.24, 3.76, 4.24, 4.76, 5.24]
8.0256	[1.88, 2.12, 2.88, 3.12, 3.88, 4.12, 4.88, 5.12]
8.0384	[1.96, 2.04, 2.96, 3.04, 3.96, 4.04, 4.96, 5.04]
8.0416	[1.72, 2.28, 2.72, 3.28, 3.72, 4.28, 4.72, 5.28]
8.0544	[1.84, 2.16, 2.84, 3.16, 3.84, 4.16, 4.84, 5.16]
8.0576	[1.68, 2.32, 2.68, 3.32, 3.68, 4.32, 4.68, 5.32]
8.0704	[1.64, 2.36, 2.64, 3.36, 3.64, 4.36, 4.64, 5.36]
8.0736	[1.92, 2.08, 2.92, 3.08, 3.92, 4.08, 4.92, 5.08]
8.08	[1.8, 2.0, 2.2, 2.4, 2.6, 2.8, 3.0, 3.2, 3.4, 3.6, 3.8, 4.0, 4.2, 4.4, 4.6, 4.8, 5.0, 5.2]
8.0864	[2.44, 2.56, 3.44, 3.56, 4.44, 4.56]
8.0896	[2.48, 2.52, 3.48, 3.52, 4.48, 4.52]
8.1024	[1.76, 2.24, 2.76, 3.24, 3.76, 4.24, 4.76, 5.24]
8.1056	[1.88, 2.12, 2.88, 3.12, 3.88, 4.12, 4.88, 5.12]
8.1184	[1.96, 2.04, 2.96, 3.04, 3.96, 4.04, 4.96, 5.04]
8.1216	[1.72, 2.28, 2.72, 3.28, 3.72, 4.28, 4.72, 5.28]
8.1344	[1.84, 2.16, 2.84, 3.16, 3.84, 4.16, 4.84, 5.16]
8.1376	[1.68, 2.32, 2.68, 3.32, 3.68, 4.32, 4.68, 5.32]
8.1504	[1.64, 2.36, 2.64, 3.36, 3.64, 4.36, 4.64, 5.36]
8.1536	[1.92, 2.08, 2.92, 3.08, 3.92, 4.08, 4.92, 5.08]
8.16	[1.6, 1.8, 2.0, 2.2, 2.4, 2.6, 2.8, 3.0, 3.2, 3.4, 3.6, 3.8, 4.0, 4.2, 4.4, 4.6, 4.8, 5.0, 5.2, 5.4]
8.1664	[2.44, 2.56, 3.44, 3.56, 4.44, 4.56]
8.1696	[2.48, 2.52, 3.48, 3.52, 4.48, 4.52]
8.1824	[1.76, 2.24, 2.76, 3.24, 3.76, 4.24, 4.76, 5.24]
8.1856	[1.88, 2.12, 2.88, 3.12, 3.88, 4.12, 4.88, 5.12]
8.1984	[1.96, 2.04, 2.96, 3.04, 3.96, 4.04, 4.96, 5.04]
8.2016	[1.72, 2.28, 2.72, 3.28, 3.72, 4.28, 4.72, 5.28]
8.2144	[1.84, 2.16, 2.84, 3.16, 3.84, 4.16, 4.84, 5.16]
8.2176	[2.32, 2.68, 3.32, 3.68, 4.32, 4.68]
8.2304	[2.36, 2.64, 3.36, 3.64, 4.36, 4.64]
8.2336	[1.92, 2.08, 2.92, 3.08, 3.92, 4.08, 4.92, 5.08]
8.24	[1.6, 1.8, 2.0, 2.2, 2.4, 2.6, 2.8, 3.0, 3.2, 3.4, 3.6, 3.8, 4.0, 4.2, 4.4, 4.6, 4.8, 5.0, 5.2, 5.4]
8.2464	[2.44, 2.56, 3.44, 3.56, 4.44, 4.56]
8.2496	[2.48, 2.52, 3.48, 3.52, 4.48, 4.52]
8.2624	[1.76, 2.24, 2.76, 3.24, 3.76, 4.24, 4.76, 5.24]
8.2656	[1.88, 2.12, 2.88, 3.12, 3.88, 4.12, 4.88, 5.12]
8.2784	[1.96, 2.04, 2.96, 3.04, 3.96, 4.04, 4.96, 5.04]
8.2816	[2.28, 2.72, 3.28, 3.72, 4.28, 4.72]
8.2944	[1.84, 2.16, 2.84, 3.16, 3.84, 4.16, 4.84, 5.16]
8.2976	[2.32, 2.68, 3.32, 3.68, 4.32, 4.68]
8.3104	[2.36, 2.64, 3.36, 3.64, 4.36, 4.64]
8.3136	[1.92, 2.08, 2.92, 3.08, 3.92, 4.08, 4.92, 5.08]
8.32	[1.8, 2.0, 2.2, 2.4, 2.6, 2.8, 3.0, 3.2, 3.4, 3.6, 3.8, 4.0, 4.2, 4.4, 4.6, 4.8, 5.0, 5.2]
8.3264	[2.44, 2.56, 3.44, 3.56, 4.44, 4.56]
8.3296	[2.48, 2.52, 3.48, 3.52, 4.48, 4.52]
8.3424	[1.76, 2.24, 2.76, 3.24, 3.76, 4.24, 4.76, 5.24]
8.3456	[1.88, 2.12, 2.88, 3.12, 3.88, 4.12, 4.88, 5.12]
8.3584	[1.96, 2.04, 2.96, 3.04, 3.96, 4.04, 4.96, 5.04]
8.3616	[1.72, 2.28, 2.72, 3.28, 3.72, 4.28, 4.72, 5.28]
8.3744	[1.84, 2.16, 2.84, 3.16, 3.84, 4.16, 4.84, 5.16]
8.3776	[2.32, 2.68, 3.32, 3.68, 4.32, 4.68]
8.3904	[2.36, 2.64, 3.36, 3.64, 4.36, 4.64]
8.3936	[1.92, 2.08, 2.92, 3.08, 3.92, 4.08, 4.92, 5.08]
8.4	[1.8, 2.0, 2.2, 2.4, 2.6, 2.8, 3.0, 3.2, 3.4, 3.6, 3.8, 4.0, 4.2, 4.4, 4.6, 4.8, 5.0, 5.2]
8.4064	[2.44, 2.56, 3.44, 3.56, 4.44, 4.56]
8.4096	[2.48, 2.52, 3.48, 3.52, 4.48, 4.52]
8.4224	[2.24, 2.76, 3.24, 3.76, 4.24, 4.76]
8.4256	[1.88, 2.12, 2.88, 3.12, 3.88, 4.12, 4.88, 5.12]
8.4384	[1.96, 2.04, 2.96, 3.04, 3.96, 4.04, 4.96, 5.04]
8.4416	[1.72, 2.28, 2.72, 3.28, 3.72, 4.28, 4.72, 5.28]
8.4544	[1.84, 2.16, 2.84, 3.16, 3.84, 4.16, 4.84, 5.16]
8.4576	[1.68, 2.32, 2.68, 3.32, 3.68, 4.32, 4.68, 5.32]
8.4704	[2.36, 2.64, 3.36, 3.64, 4.36, 4.64]
8.4736	[1.92, 2.08, 2.92, 3.08, 3.92, 4.08, 4.92, 5.08]
8.48	[1.8, 2.0, 2.2, 2.4, 2.6, 2.8, 3.0, 3.2, 3.4, 3.6, 3.8, 4.0, 4.2, 4.4, 4.6, 4.8, 5.0, 5.2]
8.4864	[2.44, 2.56, 3.44, 3.56, 4.44, 4.56]
8.4896	[2.48, 2.52, 3.48, 3.52, 4.48, 4.52]
8.5024	[1.76, 2.24, 2.76, 3.24, 3.76, 4.24, 4.76, 5.24]
8.5056	[1.88, 2.12, 2.88, 3.12, 3.88, 4.12, 4.88, 5.12]
8.5184	[1.96, 2.04, 2.96, 3.04, 3.96, 4.04, 4.96, 5.04]
8.5216	[2.28, 2.72, 3.28, 3.72, 4.28, 4.72]
8.5344	[1.84, 2.16, 2.84, 3.16, 3.84, 4.16, 4.84, 5.16]
8.5376	[2.32, 2.68, 3.32, 3.68, 4.32, 4.68]
8.5504	[1.64, 2.36, 2.64, 3.36, 3.64, 4.36, 4.64, 5.36]
8.5536	[1.92, 2.08, 2.92, 3.08, 3.92, 4.08, 4.92, 5.08]
8.56	[1.8, 2.0, 2.2, 2.4, 2.6, 2.8, 3.0, 3.2, 3.4, 3.6, 3.8, 4.0, 4.2, 4.4, 4.6, 4.8, 5.0, 5.2]
8.5664	[2.44, 2.56, 3.44, 3.56, 4.44, 4.56]
8.5696	[2.48, 2.52, 3.48, 3.52, 4.48, 4.52]
8.5824	[2.24, 2.76, 3.24, 3.76, 4.24, 4.76]
8.5856	[1.88, 2.12, 2.88, 3.12, 3.88, 4.12, 4.88, 5.12]
8.5984	[1.96, 2.04, 2.96, 3.04, 3.96, 4.04, 4.96, 5.04]
8.6016	[2.28, 2.72, 3.28, 3.72, 4.28, 4.72]
8.6144	[1.84, 2.16, 2.84, 3.16, 3.84, 4.16, 4.84, 5.16]
8.6176	[2.32, 2.68, 3.32, 3.68, 4.32, 4.68]
8.6304	[2.36, 2.64, 3.36, 3.64, 4.36, 4.64]
8.6336	[1.92, 2.08, 2.92, 3.08, 3.92, 4.08, 4.92, 5.08]
8.64	[1.8, 2.0, 2.2, 2.4, 2.6, 2.8, 3.0, 3.2, 3.4, 3.6, 3.8, 4.0, 4.2, 4.4, 4.6, 4.8, 5.0, 5.2]
8.6464	[2.44, 2.56, 3.44, 3.56, 4.44, 4.56]
8.6496	[2.48, 2.52, 3.48, 3.52, 4.48, 4.52]
8.6624	[2.24, 2.76, 3.24, 3.76, 4.24, 4.76]
8.6656	[1.88, 2.12, 2.88, 3.12, 3.88, 4.12, 4.88, 5.12]
8.6784	[1.96, 2.04, 2.96, 3.04, 3.96, 4.04, 4.96, 5.04]
8.6816	[2.28, 2.72, 3.28, 3.72, 4.28, 4.72]
8.6944	[1.84, 2.16, 2.84, 3.16, 3.84, 4.16, 4.84, 5.16]
8.6976	[2.32, 2.68, 3.32, 3.68, 4.32, 4.68]
8.7104	[2.36, 2.64, 3.36, 3.64, 4.36, 4.64]
8.7136	[1.92, 2.08, 2.92, 3.08, 3.92, 4.08, 4.92, 5.08]
8.72	[1.8, 2.0, 2.2, 2.4, 2.6, 2.8, 3.0, 3.2, 3.4, 3.6, 3.8, 4.0, 4.2, 4.4, 4.6, 4.8, 5.0, 5.2]
8.7264	[2.44, 2.56, 3.44, 3.56, 4.44, 4.56]
8.7296	[2.48, 2.52, 3.48, 3.52, 4.48, 4.52]
8.7424	[1.76, 2.24, 2.76, 3.24, 3.76, 4.24, 4.76, 5.24]
8.7456	[1.88, 2.12, 2.88, 3.12, 3.88, 4.12, 4.88, 5.12]
8.7584	[1.96, 2.04, 2.96, 3.04, 3.96, 4.04, 4.96, 5.04]
8.7616	[2.28, 2.72, 3.28, 3.72, 4.28, 4.72]
8.7744	[1.84, 2.16, 2.84, 3.16, 3.84, 4.16, 4.84, 5.16]
8.7776	[2.32, 2.68, 3.32, 3.68, 4.32, 4.68]
8.7904	[2.36, 2.64, 3.36, 3.64, 4.36, 4.64]
8.7936	[1.92, 2.08, 2.92, 3.08, 3.92, 4.08, 4.92, 5.08]
8.8	[2.0, 2.2, 2.4, 2.6, 2.8, 3.0, 3.2, 3.4, 3.6, 3.8, 4.0, 4.2, 4.4, 4.6, 4.8, 5.0]
8.8064	[2.44, 2.56, 3.44, 3.56, 4.44, 4.56]
8.8096	[2.48, 2.52, 3.48, 3.52, 4.48, 4.52]
8.8224	[1.76, 2.24, 2.76, 3.24, 3.76, 4.24, 4.76, 5.24]
8.8256	[2.12, 2.88, 3.12, 3.88, 4.12, 4.88]
8.8384	[2.04, 2.96, 3.04, 3.96, 4.04, 4.96]
8.8416	[1.72, 2.28, 2.72, 3.28, 3.72, 4.28, 4.72, 5.28]
8.8544	[1.84, 2.16, 2.84, 3.16, 3.84, 4.16, 4.84, 5.16]
8.8576	[2.32, 2.68, 3.32, 3.68, 4.32, 4.68]
8.8704	[2.36, 2.64, 3.36, 3.64, 4.36, 4.64]
8.8736	[1.92, 2.08, 2.92, 3.08, 3.92, 4.08, 4.92, 5.08]
8.88	[1.8, 2.0, 2.2, 2.4, 2.6, 2.8, 3.0, 3.2, 3.4, 3.6, 3.8, 4.0, 4.2, 4.4, 4.6, 4.8, 5.0, 5.2]
8.8864	[2.44, 2.56, 3.44, 3.56, 4.44, 4.56]
8.8896	[2.48, 2.52, 3.48, 3.52, 4.48, 4.52]
8.9024	[2.24, 2.76, 3.24, 3.76, 4.24, 4.76]
8.9056	[1.88, 2.12, 2.88, 3.12, 3.88, 4.12, 4.88, 5.12]
8.9184	[1.96, 2.04, 2.96, 3.04, 3.96, 4.04, 4.96, 5.04]
8.9216	[2.28, 2.72, 3.28, 3.72, 4.28, 4.72]
8.9344	[2.16, 2.84, 3.16, 3.84, 4.16, 4.84]
8.9376	[1.68, 2.32, 2.68, 3.32, 3.68, 4.32, 4.68, 5.32]
8.9504	[2.36, 2.64, 3.36, 3.64, 4.36, 4.64]
8.9536	[2.08, 2.92, 3.08, 3.92, 4.08, 4.92]
8.96	[2.0, 2.2, 2.4, 2.6, 2.8, 3.0, 3.2, 3.4, 3.6, 3.8, 4.0, 4.2, 4.4, 4.6, 4.8, 5.0]
8.9664	[2.44, 2.56, 3.44, 3.56, 4.44, 4.56]
8.9696	[2.48, 2.52, 3.48, 3.52, 4.48, 4.52]
8.9824	[2.24, 2.76, 3.24, 3.76, 4.24, 4.76]
8.9856	[2.12, 2.88, 3.12, 3.88, 4.12, 4.88]
8.9984	[1.96, 2.04, 2.96, 3.04, 3.96, 4.04, 4.96, 5.04]
9.0016	[2.28, 2.72, 3.28, 3.72, 4.28, 4.72]
9.0144	[1.84, 2.16, 2.84, 3.16, 3.84, 4.16, 4.84, 5.16]
9.0176	[2.32, 2.68, 3.32, 3.68, 4.32, 4.68]
9.0304	[2.36, 2.64, 3.36, 3.64, 4.36, 4.64]
9.0336	[1.92, 2.08, 2.92, 3.08, 3.92, 4.08, 4.92, 5.08]
9.04	[2.0, 2.2, 2.4, 2.6, 2.8, 3.0, 3.2, 3.4, 3.6, 3.8, 4.0, 4.2, 4.4, 4.6, 4.8, 5.0]
9.0464	[2.44, 2.56, 3.44, 3.56, 4.44, 4.56]
9.0496	[2.48, 2.52, 3.48, 3.52, 4.48, 4.52]
9.0624	[2.24, 2.76, 3.24, 3.76, 4.24, 4.76]
9.0656	[2.12, 2.88, 3.12, 3.88, 4.12, 4.88]
9.0784	[1.96, 2.04, 2.96, 3.04, 3.96, 4.04, 4.96, 5.04]
9.0816	[2.28, 2.72, 3.28, 3.72, 4.28, 4.72]
9.0944	[2.16, 2.84, 3.16, 3.84, 4.16, 4.84]
9.0976	[2.32, 2.68, 3.32, 3.68, 4.32, 4.68]
9.1104	[2.36, 2.64, 3.36, 3.64, 4.36, 4.64]
9.1136	[1.92, 2.08, 2.92, 3.08, 3.92, 4.08, 4.92, 5.08]
9.12	[2.0, 2.2, 2.4, 2.6, 2.8, 3.0, 3.2, 3.4, 3.6, 3.8, 4.0, 4.2, 4.4, 4.6, 4.8, 5.0]
9.1264	[2.44, 2.56, 3.44, 3.56, 4.44, 4.56]
9.1296	[2.48, 2.52, 3.48, 3.52, 4.48, 4.52]
9.1424	[2.24, 2.76, 3.24, 3.76, 4.24, 4.76]
9.1456	[1.88, 2.12, 2.88, 3.12, 3.88, 4.12, 4.88, 5.12]
9.1584	[2.04, 2.96, 3.04, 3.96, 4.04, 4.96]
9.1616	[2.28, 2.72, 3.28, 3.72, 4.28, 4.72]
9.1744	[2.16, 2.84, 3.16, 3.84, 4.16, 4.84]
9.1776	[2.32, 2.68, 3.32, 3.68, 4.32, 4.68]
9.1904	[2.36, 2.64, 3.36, 3.64, 4.36, 4.64]
9.1936	[2.08, 2.92, 3.08, 3.92, 4.08, 4.92]
9.2	[2.2, 2.4, 2.6, 2.8, 3.0, 3.2, 3.4, 3.6, 3.8, 4.0, 4.2, 4.4, 4.6, 4.8]
9.2064	[2.44, 2.56, 3.44, 3.56, 4.44, 4.56]
9.2096	[2.48, 2.52, 3.48, 3.52, 4.48, 4.52]
9.2224	[2.24, 2.76, 3.24, 3.76, 4.24, 4.76]
9.2256	[1.88, 2.12, 2.88, 3.12, 3.88, 4.12, 4.88, 5.12]
9.2384	[2.04, 2.96, 3.04, 3.96, 4.04, 4.96]
9.2416	[2.28, 2.72, 3.28, 3.72, 4.28, 4.72]
9.2544	[2.16, 2.84, 3.16, 3.84, 4.16, 4.84]
9.2576	[2.32, 2.68, 3.32, 3.68, 4.32, 4.68]
9.2704	[2.36, 2.64, 3.36, 3.64, 4.36, 4.64]
9.2736	[2.08, 2.92, 3.08, 3.92, 4.08, 4.92]
9.28	[2.0, 2.2, 2.4, 2.6, 2.8, 3.0, 3.2, 3.4, 3.6, 3.8, 4.0, 4.2, 4.4, 4.6, 4.8, 5.0]
9.2864	[2.44, 2.56, 3.44, 3.56, 4.44, 4.56]
9.2896	[2.48, 2.52, 3.48, 3.52, 4.48, 4.52]
9.3024	[2.24, 2.76, 3.24, 3.76, 4.24, 4.76]
9.3056	[2.12, 2.88, 3.12, 3.88, 4.12, 4.88]
9.3184	[2.96, 3.04, 3.96, 4.04]
9.3216	[2.28, 2.72, 3.28, 3.72, 4.28, 4.72]
9.3344	[2.16, 2.84, 3.16, 3.84, 4.16, 4.84]
9.3376	[2.32, 2.68, 3.32, 3.68, 4.32, 4.68]
9.3504	[2.36, 2.64, 3.36, 3.64, 4.36, 4.64]
9.3536	[2.08, 2.92, 3.08, 3.92, 4.08, 4.92]
9.36	[2.0, 2.2, 2.4, 2.6, 2.8, 3.0, 3.2, 3.4, 3.6, 3.8, 4.0, 4.2, 4.4, 4.6, 4.8, 5.0]
9.3664	[2.44, 2.56, 3.44, 3.56, 4.44, 4.56]
9.3696	[2.48, 2.52, 3.48, 3.52, 4.48, 4.52]
9.3824	[2.24, 2.76, 3.24, 3.76, 4.24, 4.76]
9.3856	[2.12, 2.88, 3.12, 3.88, 4.12, 4.88]
9.3984	[1.96, 2.04, 2.96, 3.04, 3.96, 4.04, 4.96, 5.04]
9.4016	[2.28, 2.72, 3.28, 3.72, 4.28, 4.72]
9.4144	[2.16, 2.84, 3.16, 3.84, 4.16, 4.84]
9.4176	[2.32, 2.68, 3.32, 3.68, 4.32, 4.68]
9.4304	[2.36, 2.64, 3.36, 3.64, 4.36, 4.64]
9.4336	[2.08, 2.92, 3.08, 3.92, 4.08, 4.92]
9.44	[2.2, 2.4, 2.6, 2.8, 3.0, 3.2, 3.4, 3.6, 3.8, 4.0, 4.2, 4.4, 4.6, 4.8]
9.4464	[2.44, 2.56, 3.44, 3.56, 4.44, 4.56]
9.4496	[2.48, 2.52, 3.48, 3.52, 4.48, 4.52]
9.4624	[2.24, 2.76, 3.24, 3.76, 4.24, 4.76]
9.4656	[2.12, 2.88, 3.12, 3.88, 4.12, 4.88]
9.4784	[2.96, 3.04, 3.96, 4.04]
9.4816	[2.28, 2.72, 3.28, 3.72, 4.28, 4.72]
9.4944	[2.16, 2.84, 3.16, 3.84, 4.16, 4.84]
9.4976	[2.32, 2.68, 3.32, 3.68, 4.32, 4.68]
9.5104	[2.36, 2.64, 3.36, 3.64, 4.36, 4.64]
9.5136	[1.92, 2.08, 2.92, 3.08, 3.92, 4.08, 4.92, 5.08]
9.52	[2.2, 2.4, 2.6, 2.8, 3.0, 3.2, 3.4, 3.6, 3.8, 4.0, 4.2, 4.4, 4.6, 4.8]
9.5264	[2.44, 2.56, 3.44, 3.56, 4.44, 4.56]
9.5296	[2.48, 2.52, 3.48, 3.52, 4.48, 4.52]
9.5424	[2.24, 2.76, 3.24, 3.76, 4.24, 4.76]
9.5456	[2.12, 2.88, 3.12, 3.88, 4.12, 4.88]
9.5584	[2.96, 3.04, 3.96, 4.04]
9.5616	[2.28, 2.72, 3.28, 3.72, 4.28, 4.72]
9.5744	[2.16, 2.84, 3.16, 3.84, 4.16, 4.84]
9.5776	[2.32, 2.68, 3.32, 3.68, 4.32, 4.68]
9.5904	[2.36, 2.64, 3.36, 3.64, 4.36, 4.64]
9.5936	[2.08, 2.92, 3.08, 3.92, 4.08, 4.92]
9.6	[2.2, 2.4, 2.6, 2.8, 3.0, 3.2, 3.4, 3.6, 3.8, 4.0, 4.2, 4.4, 4.6, 4.8]
9.6064	[2.44, 2.56, 3.44, 3.56, 4.44, 4.56]
9.6096	[2.48, 2.52, 3.48, 3.52, 4.48, 4.52]
9.6224	[2.76, 3.24, 3.76, 4.24]
9.6256	[2.12, 2.88, 3.12, 3.88, 4.12, 4.88]
9.6384	[2.04, 2.96, 3.04, 3.96, 4.04, 4.96]
9.6416	[2.28, 2.72, 3.28, 3.72, 4.28, 4.72]
9.6544	[2.84, 3.16, 3.84, 4.16]
9.6576	[2.32, 2.68, 3.32, 3.68, 4.32, 4.68]
9.6704	[2.36, 2.64, 3.36, 3.64, 4.36, 4.64]
9.6736	[2.92, 3.08, 3.92, 4.08]
9.68	[2.2, 2.4, 2.6, 2.8, 3.0, 3.2, 3.4, 3.6, 3.8, 4.0, 4.2, 4.4, 4.6, 4.8]
9.6864	[2.44, 2.56, 3.44, 3.56, 4.44, 4.56]
9.6896	[2.48, 2.52, 3.48, 3.52, 4.48, 4.52]
9.7024	[2.24, 2.76, 3.24, 3.76, 4.24, 4.76]
9.7056	[2.12, 2.88, 3.12, 3.88, 4.12, 4.88]
9.7184	[2.04, 2.96, 3.04, 3.96, 4.04, 4.96]
9.7216	[2.28, 2.72, 3.28, 3.72, 4.28, 4.72]
9.7344	[2.16, 2.84, 3.16, 3.84, 4.16, 4.84]
9.7376	[2.32, 2.68, 3.32, 3.68, 4.32, 4.68]
9.7504	[2.36, 2.64, 3.36, 3.64, 4.36, 4.64]
9.7536	[2.08, 2.92, 3.08, 3.92, 4.08, 4.92]
9.76	[2.0, 2.4, 2.6, 2.8, 3.0, 3.2, 3.4, 3.6, 3.8, 4.0, 4.2, 4.4, 4.6, 5.0]
9.7664	[2.44, 2.56, 3.44, 3.56, 4.44, 4.56]
9.7696	[2.48, 2.52, 3.48, 3.52, 4.48, 4.52]
9.7824	[2.24, 2.76, 3.24, 3.76, 4.24, 4.76]
9.7856	[2.88, 3.12, 3.88, 4.12]
9.7984	[2.96, 3.04, 3.96, 4.04]
9.8016	[2.28, 2.72, 3.28, 3.72, 4.28, 4.72]
9.8144	[2.84, 3.16, 3.84, 4.16]
9.8176	[2.32, 2.68, 3.32, 3.68, 4.32, 4.68]
9.8304	[2.36, 2.64, 3.36, 3.64, 4.36, 4.64]
9.8336	[2.92, 3.08, 3.92, 4.08]
9.84	[2.2, 2.4, 2.6, 2.8, 3.0, 3.2, 3.4, 3.6, 3.8, 4.0, 4.2, 4.4, 4.6, 4.8]
9.8464	[2.44, 2.56, 3.44, 3.56, 4.44, 4.56]
9.8496	[2.48, 2.52, 3.48, 3.52, 4.48, 4.52]
9.8624	[2.24, 2.76, 3.24, 3.76, 4.24, 4.76]
9.8656	[2.12, 2.88, 3.12, 3.88, 4.12, 4.88]
9.8784	[1.96, 2.96, 3.04, 3.96, 4.04, 5.04]
9.8816	[2.28, 2.72, 3.28, 3.72, 4.28, 4.72]
9.8944	[2.84, 3.16, 3.84, 4.16]
9.8976	[2.32, 2.68, 3.32, 3.68, 4.32, 4.68]
9.9104	[2.36, 2.64, 3.36, 3.64, 4.36, 4.64]
9.9136	[2.92, 3.08, 3.92, 4.08]
9.92	[2.2, 2.4, 2.6, 2.8, 3.0, 3.2, 3.4, 3.6, 3.8, 4.0, 4.2, 4.4, 4.6, 4.8]
9.9264	[2.44, 2.56, 3.44, 3.56, 4.44, 4.56]
9.9296	[2.48, 2.52, 3.48, 3.52, 4.48, 4.52]
9.9424	[2.76, 3.24, 3.76, 4.24]
9.9456	[2.88, 3.12, 3.88, 4.12]
9.9584	[2.96, 3.04, 3.96, 4.04]
9.9616	[2.72, 3.28, 3.72, 4.28]
9.9744	[2.16, 2.84, 3.16, 3.84, 4.16, 4.84]
9.9776	[2.32, 2.68, 3.32, 3.68, 4.32, 4.68]
9.9904	[2.36, 2.64, 3.36, 3.64, 4.36, 4.64]
9.9936	[2.92, 3.08, 3.92, 4.08]
10.0	[2.4, 2.6, 2.8, 3.0, 3.2, 3.4, 3.6, 3.8, 4.0, 4.2, 4.4, 4.6]
10.0064	[2.44, 2.56, 3.44, 3.56, 4.44, 4.56]
10.0096	[2.48, 2.52, 3.48, 3.52, 4.48, 4.52]
10.0224	[2.76, 3.24, 3.76, 4.24]
10.0256	[2.88, 3.12, 3.88, 4.12]
10.0384	[2.96, 3.04, 3.96, 4.04]
10.0416	[2.28, 2.72, 3.28, 3.72, 4.28, 4.72]
10.0544	[2.16, 2.84, 3.16, 3.84, 4.16, 4.84]
10.0576	[2.68, 3.32, 3.68, 4.32]
10.0704	[2.36, 2.64, 3.36, 3.64, 4.36, 4.64]
10.0736	[2.92, 3.08, 3.92, 4.08]
10.08	[2.4, 2.6, 2.8, 3.0, 3.2, 3.4, 3.6, 3.8, 4.0, 4.2, 4.4, 4.6]
10.0864	[2.44, 2.56, 3.44, 3.56, 4.44, 4.56]
10.0896	[2.48, 2.52, 3.48, 3.52, 4.48, 4.52]
10.1024	[2.76, 3.24, 3.76, 4.24]
10.1056	[2.88, 3.12, 3.88, 4.12]
10.1184	[2.96, 3.04, 3.96, 4.04]
10.1216	[2.28, 2.72, 3.28, 3.72, 4.28, 4.72]
10.1344	[2.84, 3.16, 3.84, 4.16]
10.1376	[2.32, 2.68, 3.32, 3.68, 4.32, 4.68]
10.1504	[2.36, 2.64, 3.36, 3.64, 4.36, 4.64]
10.1536	[2.92, 3.08, 3.92, 4.08]
10.16	[2.4, 2.6, 2.8, 3.0, 3.2, 3.4, 3.6, 3.8, 4.0, 4.2, 4.4, 4.6]
10.1664	[2.44, 2.56, 3.44, 3.56, 4.44, 4.56]
10.1696	[2.48, 2.52, 3.48, 3.52, 4.48, 4.52]
10.1824	[2.24, 2.76, 3.24, 3.76, 4.24, 4.76]
10.1856	[2.88, 3.12, 3.88, 4.12]
10.1984	[2.96, 3.04, 3.96, 4.04]
10.2016	[2.72, 3.28, 3.72, 4.28]
10.2144	[2.84, 3.16, 3.84, 4.16]
10.2176	[2.68, 3.32, 3.68, 4.32]
10.2304	[2.36, 2.64, 3.36, 3.64, 4.36, 4.64]
10.2336	[2.92, 3.08, 3.92, 4.08]
10.24	[2.4, 2.6, 2.8, 3.0, 3.2, 3.4, 3.6, 3.8, 4.0, 4.2, 4.4, 4.6]
10.2464	[2.44, 2.56, 3.44, 3.56, 4.44, 4.56]
10.2496	[2.48, 3.48, 3.52, 4.52]
10.2624	[2.76, 3.24, 3.76, 4.24]
10.2656	[2.88, 3.12, 3.88, 4.12]
10.2784	[2.96, 3.04, 3.96, 4.04]
10.2816	[2.72, 3.28, 3.72, 4.28]
10.2944	[2.84, 3.16, 3.84, 4.16]
10.2976	[2.68, 3.32, 3.68, 4.32]
10.3104	[2.36, 2.64, 3.36, 3.64, 4.36, 4.64]
10.3136	[2.92, 3.08, 3.92, 4.08]
10.32	[2.2, 2.4, 2.6, 2.8, 3.0, 3.2, 3.4, 3.6, 3.8, 4.0, 4.2, 4.4, 4.6, 4.8]
10.3264	[2.56, 3.44, 3.56, 4.44]
10.3296	[2.48, 2.52, 3.48, 3.52, 4.48, 4.52]
10.3424	[2.76, 3.24, 3.76, 4.24]
10.3456	[2.88, 3.12, 3.88, 4.12]
10.3584	[2.96, 3.04, 3.96, 4.04]
10.3616	[2.72, 3.28, 3.72, 4.28]
10.3744	[2.84, 3.16, 3.84, 4.16]
10.3776	[2.32, 2.68, 3.32, 3.68, 4.32, 4.68]
10.3904	[2.64, 3.36, 3.64, 4.36]
10.3936	[2.92, 3.08, 3.92, 4.08]
10.4	[2.4, 2.6, 2.8, 3.0, 3.2, 3.4, 3.6, 3.8, 4.0, 4.2, 4.4, 4.6]
10.4064	[2.44, 2.56, 3.44, 3.56, 4.44, 4.56]
10.4096	[2.52, 3.48, 3.52, 4.48]
10.4224	[2.76, 3.24, 3.76, 4.24]
10.4256	[2.88, 3.12, 3.88, 4.12]
10.4384	[2.96, 3.04, 3.96, 4.04]
10.4416	[2.72, 3.28, 3.72, 4.28]
10.4544	[2.84, 3.16, 3.84, 4.16]
10.4576	[2.32, 2.68, 3.32, 3.68, 4.32, 4.68]
10.4704	[2.36, 2.64, 3.36, 3.64, 4.36, 4.64]
10.4736	[2.92, 3.08, 3.92, 4.08]
10.48	[2.6, 2.8, 3.0, 3.2, 3.4, 3.6, 3.8, 4.0, 4.2, 4.4]
10.4864	[2.56, 3.44, 3.56, 4.44]
10.4896	[2.48, 2.52, 3.48, 3.52, 4.48, 4.52]
10.5024	[2.76, 3.24, 3.76, 4.24]
10.5056	[2.88, 3.12, 3.88, 4.12]
10.5184	[2.96, 3.04, 3.96, 4.04]
10.5216	[2.28, 2.72, 3.28, 3.72, 4.28, 4.72]
10.5344	[2.84, 3.16, 3.84, 4.16]
10.5376	[2.68, 3.32, 3.68, 4.32]
10.5504	[2.64, 3.36, 3.64, 4.36]
10.5536	[2.92, 3.08, 3.92, 4.08]
10.56	[2.4, 2.6, 2.8, 3.0, 3.2, 3.4, 3.6, 3.8, 4.0, 4.2, 4.4, 4.6]
10.5664	[3.44, 3.56]
10.5696	[2.48, 3.48, 3.52, 4.52]
10.5824	[2.76, 3.24, 3.76, 4.24]
10.5856	[2.88, 3.12, 3.88, 4.12]
10.5984	[2.96, 3.04, 3.96, 4.04]
10.6016	[2.72, 3.28, 3.72, 4.28]
10.6144	[2.84, 3.16, 3.84, 4.16]
10.6176	[2.68, 3.32, 3.68, 4.32]
10.6304	[2.64, 3.36, 3.64, 4.36]
10.6336	[2.92, 3.08, 3.92, 4.08]
10.64	[2.8, 3.0, 3.2, 3.4, 3.6, 3.8, 4.0, 4.2]
10.6464	[2.44, 2.56, 3.44, 3.56, 4.44, 4.56]
10.6496	[3.48, 3.52]
10.6624	[2.24, 2.76, 3.24, 3.76, 4.24, 4.76]
10.6656	[2.88, 3.12, 3.88, 4.12]
10.6784	[2.96, 3.04, 3.96, 4.04]
10.6816	[2.72, 3.28, 3.72, 4.28]
10.6944	[2.84, 3.16, 3.84, 4.16]
10.6976	[2.68, 3.32, 3.68, 4.32]
10.7104	[2.64, 3.36, 3.64, 4.36]
10.7136	[2.92, 3.08, 3.92, 4.08]
10.72	[2.6, 3.0, 3.2, 3.4, 3.6, 3.8, 4.0, 4.4]
10.7264	[2.44, 2.56, 3.44, 3.56, 4.44, 4.56]
10.7296	[3.48, 3.52]
10.7424	[2.76, 3.24, 3.76, 4.24]
10.7456	[2.88, 3.12, 3.88, 4.12]
10.7584	[2.96, 3.04, 3.96, 4.04]
10.7616	[2.72, 3.28, 3.72, 4.28]
10.7744	[2.84, 3.16, 3.84, 4.16]
10.7776	[2.68, 3.32, 3.68, 4.32]
10.7904	[2.64, 3.36, 3.64, 4.36]
10.7936	[2.92, 3.08, 3.92, 4.08]
10.8	[2.8, 3.0, 3.2, 3.4, 3.6, 3.8, 4.0, 4.2]
10.8064	[3.44, 3.56]
10.8096	[2.52, 3.48, 3.52, 4.48]
10.8224	[2.76, 3.24, 3.76, 4.24]
10.8256	[2.88, 3.12, 3.88, 4.12]
10.8384	[2.96, 3.04, 3.96, 4.04]
10.8416	[3.28, 3.72]
10.8544	[2.84, 3.16, 3.84, 4.16]
10.8576	[2.68, 3.32, 3.68, 4.32]
10.8704	[2.64, 3.36, 3.64, 4.36]
10.8736	[2.92, 3.08, 3.92, 4.08]
10.88	[2.8, 3.0, 3.2, 3.4, 3.6, 3.8, 4.0, 4.2]
10.8864	[3.44, 3.56]
10.8896	[3.48, 3.52]
10.9024	[3.24, 3.76]
10.9056	[2.88, 3.12, 3.88, 4.12]
10.9184	[2.96, 3.04, 3.96, 4.04]
10.9216	[2.72, 3.28, 3.72, 4.28]
10.9344	[2.84, 3.16, 3.84, 4.16]
10.9376	[2.68, 3.32, 3.68, 4.32]
10.9504	[3.36, 3.64]
10.9536	[2.92, 3.08, 3.92, 4.08]
10.96	[2.6, 2.8, 3.0, 3.2, 3.4, 3.6, 3.8, 4.0, 4.2, 4.4]
10.9664	[3.44, 3.56]
10.9696	[2.48, 3.48, 3.52, 4.52]
10.9824	[2.76, 3.24, 3.76, 4.24]
10.9856	[2.88, 3.12, 3.88, 4.12]
10.9984	[2.96, 3.04, 3.96, 4.04]
11.0016	[3.28, 3.72]
11.0144	[3.16, 3.84]
11.0176	[3.32, 3.68]
11.0304	[2.64, 3.36, 3.64, 4.36]
11.0336	[2.92, 4.08]
11.04	[2.6, 3.0, 3.2, 3.4, 3.6, 3.8, 4.0, 4.4]
11.0464	[3.44, 3.56]
11.0496	[3.48, 3.52]
11.0624	[2.76, 3.24, 3.76, 4.24]
11.0656	[3.12, 3.88]
11.0784	[2.96, 3.04, 3.96, 4.04]
11.0816	[3.28, 3.72]
11.0944	[2.84, 3.16, 3.84, 4.16]
11.0976	[2.68, 3.32, 3.68, 4.32]
11.1104	[3.36, 3.64]
11.1136	[2.92, 3.08, 3.92, 4.08]
11.12	[3.0, 3.2, 3.4, 3.6, 3.8, 4.0]
11.1264	[2.56, 3.44, 3.56, 4.44]
11.1296	[3.48, 3.52]
11.1424	[3.24, 3.76]
11.1456	[2.88, 3.12, 3.88, 4.12]
11.1584	[2.96, 3.04, 3.96, 4.04]
11.1616	[2.72, 3.28, 3.72, 4.28]
11.1744	[2.84, 3.16, 3.84, 4.16]
11.1776	[3.32, 3.68]
11.1936	[2.92, 3.08, 3.92, 4.08]
11.2	[3.2, 3.4, 3.6, 3.8]
11.2064	[3.44, 3.56]
11.2096	[3.48, 3.52]
11.2224	[3.24, 3.76]
11.2256	[3.12, 3.88]
11.2384	[2.96, 4.04]
11.2416	[2.72, 3.28, 3.72, 4.28]
11.2544	[3.16, 3.84]
11.2576	[3.32, 3.68]
11.2704	[3.36, 3.64]
11.2736	[2.92, 3.08, 3.92, 4.08]
11.28	[2.8, 3.0, 3.2, 3.4, 3.6, 3.8, 4.0, 4.2]
11.2864	[3.44, 3.56]
11.2896	[2.52, 3.48, 3.52, 4.48]
11.3024	[3.24, 3.76]
11.3184	[2.96, 3.04, 3.96, 4.04]
11.3216	[3.28, 3.72]
11.3376	[3.32, 3.68]
11.3504	[3.36, 3.64]
11.36	[3.2, 3.4, 3.6, 3.8]
11.3664	[3.44, 3.56]
11.3696	[3.48, 3.52]
11.3824	[3.24, 3.76]
11.3856	[2.88, 3.12, 3.88, 4.12]
11.3984	[3.04, 3.96]
11.4144	[3.16, 3.84]
11.4304	[3.36, 3.64]
11.4336	[2.92, 4.08]
11.44	[3.2, 3.8]
11.4496	[3.48, 3.52]
11.4624	[2.76, 3.24, 3.76, 4.24]
11.4656	[2.88, 3.12, 3.88, 4.12]
11.4784	[2.96, 4.04]
11.4816	[3.28, 3.72]
11.4976	[3.32, 3.68]
11.52	[3.0, 3.2, 3.4, 3.6, 3.8, 4.0]
11.5264	[3.44, 3.56]
11.5296	[3.48, 3.52]
11.5424	[3.24, 3.76]
11.5744	[2.84, 4.16]
11.5776	[3.32, 3.68]
11.5936	[3.08, 3.92]
11.6	[3.0, 3.4, 3.6, 4.0]
11.6096	[3.48, 3.52]
11.6544	[3.16, 3.84]
11.68	[3.2, 3.8]
11.7024	[3.24, 3.76]
11.7216	[3.28, 3.72]
11.7344	[3.16, 3.84]
11.7504	[3.36, 3.64]
11.76	[2.8, 4.2]
11.7664	[3.44, 3.56]
11.7696	[3.48, 3.52]
11.7984	[3.04, 3.96]
11.8016	[3.28, 3.72]
11.8464	[3.44, 3.56]
11.8656	[3.12, 3.88]
11.9776	[3.32, 3.68]
12.0	[3.4, 3.6]
12.0736	[3.08, 3.92]
12.2304	[3.36, 3.64]
