25 0.643982104439
0.0	[24.0]
0.16	[23.2, 23.8]
0.24	[23.4, 23.6]
0.4	[23.0]
0.56	[22.8, 23.2]
0.64	[22.4, 22.6, 23.4, 23.6]
0.8	[23.0]
0.96	[22.2, 22.8, 23.2]
1.04	[22.4, 22.6]
1.2	[22.0, 23.0]
1.36	[21.8, 22.2, 22.8, 23.2]
1.44	[21.6, 22.4, 22.6, 23.4]
1.6	[22.0, 23.0]
1.76	[21.8, 22.2]
1.84	[21.4, 21.6, 22.4, 22.6]
2.0	[22.0]
2.16	[21.2, 21.8, 22.2, 22.8]
2.24	[21.4, 21.6, 22.4, 22.6]
2.4	[21.0, 23.0]
2.56	[20.8, 21.2, 21.8, 22.2, 22.8, 23.2]
2.64	[21.4, 21.6, 22.4]
2.8	[21.0, 22.0]
2.96	[20.8, 21.2, 21.8, 22.2]
3.04	[20.6, 21.4, 21.6, 22.4, 22.6]
3.2	[21.0, 22.0]
3.36	[20.8, 21.8, 22.2]
3.44	[20.4, 20.6, 21.4, 21.6, 22.4, 22.6]
3.6	[21.0, 22.0]
3.76	[20.2, 20.8, 21.2, 21.8, 22.2, 22.8]
3.84	[20.4, 20.6, 21.4, 21.6, 22.4, 22.6]
4.0	[20.0, 21.0, 23.0]
4.16	[20.2, 20.8, 21.2, 21.8]
4.24	[20.4, 20.6, 21.4, 21.6, 22.4]
4.4	[20.0, 21.0, 22.0]
4.56	[19.8, 20.2, 20.8, 21.2, 21.8, 22.2]
4.64	[20.6, 21.4, 21.6]
4.8	[20.0, 21.0, 22.0]
4.96	[19.8, 20.2, 20.8, 21.8, 22.2]
5.04	[19.6, 20.4, 20.6, 21.4, 21.6, 22.4]
5.2	[20.0, 21.0, 22.0]
5.36	[19.8, 20.2, 20.8, 21.2, 21.8]
5.44	[19.4, 19.6, 20.4, 20.6, 21.4, 21.6, 22.4, 22.6]
5.6	[20.0, 21.0]
5.76	[19.2, 19.8, 20.2, 20.8, 21.2, 21.8, 22.2, 22.8]
5.84	[19.4, 19.6, 20.4, 20.6, 21.4, 21.6]
6.0	[20.0, 21.0, 22.0]
6.16	[19.2, 19.8, 20.2, 20.8, 21.2, 21.8]
6.24	[19.4, 20.6, 21.4, 21.6]
6.4	[19.0, 20.0, 21.0, 22.0]
6.56	[19.2, 19.8, 20.2, 20.8, 21.8]
6.64	[19.4, 19.6, 20.4, 20.6, 21.4, 21.6]
6.8	[19.0, 20.0, 21.0, 22.0]
6.96	[18.8, 19.2, 19.8, 20.2, 20.8, 21.2, 21.8, 22.2]
7.04	[19.4, 19.6, 20.4, 20.6, 21.4]
7.2	[19.0, 20.0, 21.0]
7.36	[18.8, 19.2, 19.8, 20.2, 20.8, 21.2, 21.8, 22.2]
7.44	[18.6, 19.4, 19.6, 20.4, 20.6, 21.6, 22.4]
7.6	[19.0, 20.0, 21.0, 22.0]
7.76	[18.8, 19.2, 19.8, 20.2, 20.8, 21.2]
7.84	[18.4, 18.6, 19.4, 20.6, 21.4, 22.6]
8.0	[19.0, 20.0, 21.0]
8.16	[19.2, 19.8, 20.2, 21.8]
8.24	[18.4, 18.6, 19.4, 19.6, 20.4, 20.6, 21.4, 21.6]
8.4	[19.0, 20.0, 21.0]
8.56	[18.2, 18.8, 19.2, 19.8, 20.2, 20.8, 21.2, 21.8]
8.64	[18.4, 18.6, 19.4, 19.6, 20.4, 20.6, 21.4, 21.6]
8.8	[19.0, 20.0, 21.0]
8.96	[18.2, 18.8, 19.2, 19.8, 20.2, 20.8, 21.2, 21.8]
9.04	[18.4, 18.6, 19.4, 19.6, 20.4, 20.6, 21.6]
9.2	[18.0, 19.0, 20.0, 21.0, 22.0]
9.36	[18.2, 18.8, 19.2, 19.8, 20.2, 20.8, 21.2]
9.44	[18.4, 18.6, 19.4, 20.6, 21.4]
9.6	[18.0, 19.0, 21.0, 22.0]
9.76	[17.8, 18.2, 19.2, 19.8, 20.2, 20.8, 21.8, 22.2]
9.84	[18.4, 18.6, 19.4, 19.6, 20.4, 20.6]
10.0	[18.0, 19.0, 20.0, 21.0]
10.16	[17.8, 18.2, 18.8, 19.2, 19.8, 20.2, 20.8, 21.2]
10.24	[17.6, 18.4, 18.6, 19.4, 19.6, 20.4, 20.6, 21.4, 21.6, 22.4]
10.4	[19.0, 20.0]
10.56	[17.8, 18.2, 18.8, 19.2, 19.8, 20.2, 20.8, 21.2]
10.64	[17.6, 18.4, 18.6, 19.4, 19.6, 20.4, 20.6, 21.4]
10.8	[18.0, 19.0, 20.0, 21.0]
10.96	[17.8, 18.2, 18.8, 19.2, 19.8, 20.2, 20.8, 21.2]
11.04	[17.4, 17.6, 18.4, 18.6, 19.4, 20.6, 21.4, 21.6]
11.2	[18.0, 19.0, 20.0, 21.0]
11.36	[17.8, 18.2, 19.8, 20.2, 20.8]
11.44	[17.4, 17.6, 18.4, 18.6, 19.4, 19.6, 20.4, 20.6, 21.4, 21.6]
11.6	[18.0, 19.0, 20.0]
11.76	[17.2, 17.8, 18.2, 18.8, 19.2, 19.8, 20.2, 20.8, 21.2, 21.8]
11.84	[17.4, 17.6, 18.4, 18.6, 19.4, 19.6, 20.4, 20.6]
12.0	[19.0, 20.0]
12.16	[17.2, 17.8, 18.2, 18.8, 19.2, 19.8, 20.2, 20.8, 21.2, 21.8]
12.24	[17.4, 17.6, 18.4, 18.6, 19.4, 19.6, 20.4, 20.6, 21.6]
12.4	[17.0, 18.0, 19.0, 20.0, 21.0, 22.0]
12.56	[17.2, 17.8, 18.2, 18.8, 19.2, 19.8, 20.2, 20.8]
12.64	[17.4, 17.6, 18.4, 18.6, 19.4, 20.6, 21.4]
12.8	[17.0, 18.0, 19.0, 20.0, 21.0]
12.96	[16.8, 17.8, 18.2, 19.2, 19.8, 20.2, 22.2]
13.04	[17.4, 17.6, 18.4, 18.6, 19.4, 19.6, 20.4]
13.2	[17.0, 18.0, 19.0, 20.0, 21.0]
13.36	[16.8, 17.2, 17.8, 18.2, 18.8, 19.2, 19.8, 20.2, 20.8, 21.2]
13.44	[17.4, 17.6, 18.6, 19.4, 19.6, 20.4, 20.6]
13.6	[17.0, 19.0, 20.0, 21.0]
13.76	[16.8, 17.2, 17.8, 18.2, 18.8, 19.2, 19.8, 20.2, 20.8, 21.2]
13.84	[16.6, 17.4, 17.6, 18.4, 18.6, 19.4, 19.6, 20.4, 20.6, 21.4]
14.0	[17.0, 18.0, 19.0, 20.0]
14.16	[16.8, 17.2, 17.8, 18.2, 18.8, 19.2, 19.8, 20.2, 21.2]
14.24	[16.6, 17.4, 17.6, 18.4, 18.6, 19.4, 20.6, 21.4]
14.4	[17.0, 18.0, 19.0, 20.0, 21.0]
14.56	[16.8, 17.8, 18.2, 19.2, 19.8, 20.2]
14.64	[16.4, 16.6, 17.4, 17.6, 18.4, 18.6, 19.4, 19.6, 20.4, 20.6, 21.6]
14.8	[17.0, 18.0, 19.0, 20.0]
14.96	[16.8, 17.2, 17.8, 18.2, 18.8, 19.2, 19.8, 20.2, 20.8]
15.04	[16.4, 16.6, 17.4, 17.6, 18.4, 18.6, 19.4, 19.6, 20.4, 20.6, 21.4, 21.6]
15.2	[17.0, 19.0, 20.0]
15.36	[16.2, 16.8, 17.2, 17.8, 18.2, 18.8, 19.2, 19.8, 20.2, 20.8, 21.2, 21.8]
15.44	[16.4, 16.6, 17.4, 17.6, 18.4, 18.6, 19.4, 19.6, 20.4, 20.6]
15.6	[17.0, 18.0, 19.0, 20.0]
15.76	[16.2, 16.8, 17.2, 17.8, 18.2, 18.8, 19.2, 19.8, 20.2, 20.8]
15.84	[16.6, 17.4, 18.4, 18.6, 19.4, 20.6]
16.0	[16.0, 17.0, 18.0, 19.0, 21.0, 22.0]
16.16	[16.2, 16.8, 17.8, 18.2, 19.2, 19.8, 20.2, 20.8]
16.24	[16.4, 16.6, 17.4, 17.6, 18.4, 18.6, 19.4, 19.6, 20.4, 20.6]
16.4	[16.0, 17.0, 18.0, 19.0, 20.0, 21.0]
16.56	[16.2, 16.8, 17.2, 17.8, 18.2, 18.8, 19.2, 19.8, 20.2, 20.8]
16.64	[16.4, 16.6, 17.4, 17.6, 18.4, 18.6, 19.4, 19.6, 20.4, 20.6]
16.8	[16.0, 17.0, 19.0, 20.0, 21.0]
16.96	[15.8, 16.2, 16.8, 17.2, 17.8, 18.2, 18.8, 19.2, 19.8, 20.8, 21.2]
17.04	[16.4, 16.6, 17.4, 17.6, 18.4, 18.6, 19.4, 19.6, 20.4]
17.2	[16.0, 17.0, 18.0, 19.0, 20.0, 21.0]
17.36	[15.8, 16.2, 16.8, 17.2, 17.8, 18.2, 18.8, 19.2, 19.8, 20.2, 20.8, 21.2]
17.44	[16.6, 17.4, 17.6, 18.4, 18.6, 19.4, 20.6]
17.6	[16.0, 17.0, 18.0, 19.0, 20.0]
17.76	[15.8, 16.2, 16.8, 17.8, 18.2, 19.8, 20.2]
17.84	[15.6, 16.4, 16.6, 17.4, 17.6, 18.4, 18.6, 19.4, 19.6, 20.6, 21.4]
18.0	[16.0, 17.0, 18.0, 19.0, 20.0]
18.16	[15.8, 16.2, 16.8, 17.2, 17.8, 18.2, 18.8, 19.2, 19.8, 20.2, 21.2]
18.24	[15.6, 16.4, 16.6, 17.4, 17.6, 18.4, 18.6, 19.4, 19.6, 20.4, 20.6, 21.4]
18.4	[16.0, 17.0, 19.0, 20.0, 21.0]
18.56	[15.8, 16.2, 17.2, 17.8, 18.2, 18.8, 19.2, 20.2]
18.64	[15.4, 15.6, 16.4, 16.6, 17.4, 17.6, 18.4, 18.6, 19.6, 20.4, 21.6]
18.8	[16.0, 17.0, 18.0, 19.0, 20.0]
18.96	[15.8, 16.2, 16.8, 17.2, 17.8, 18.2, 18.8, 19.2, 19.8, 20.8]
19.04	[15.4, 16.6, 17.4, 17.6, 18.4, 18.6, 19.4, 20.6]
19.2	[16.0, 17.0, 18.0, 19.0, 20.0]
19.36	[15.2, 15.8, 16.2, 16.8, 17.8, 18.2, 19.2, 19.8, 20.2, 21.8]
19.44	[15.4, 15.6, 16.4, 16.6, 17.4, 17.6, 18.4, 18.6, 19.4, 19.6, 20.4, 20.6]
19.6	[16.0, 17.0, 18.0, 19.0, 20.0]
19.76	[15.2, 15.8, 16.2, 16.8, 17.2, 17.8, 18.2, 18.8, 19.2, 19.8, 20.2, 20.8]
19.84	[15.4, 15.6, 16.4, 16.6, 17.4, 17.6, 18.6, 19.4, 19.6, 20.4, 20.6]
20.0	[16.0, 17.0, 19.0]
20.16	[15.2, 15.8, 16.2, 16.8, 17.2, 17.8, 18.2, 18.8, 19.2, 19.8, 20.2, 20.8]
20.24	[15.4, 15.6, 16.4, 16.6, 17.4, 17.6, 18.4, 18.6, 19.4, 19.6]
20.4	[15.0, 16.0, 17.0, 18.0, 19.0, 20.0, 21.0]
20.56	[15.2, 15.8, 16.2, 16.8, 17.2, 17.8, 18.2, 18.8, 19.2, 19.8, 20.8]
20.64	[15.4, 16.6, 17.4, 17.6, 18.4, 18.6, 19.4, 20.6]
20.8	[15.0, 16.0, 17.0, 18.0, 19.0, 20.0, 21.0]
20.96	[15.2, 15.8, 16.2, 16.8, 17.8, 18.2, 19.2, 19.8]
21.04	[15.4, 15.6, 16.4, 16.6, 17.4, 17.6, 18.4, 18.6, 19.4, 19.6, 20.4]
21.2	[15.0, 16.0, 17.0, 18.0, 19.0, 20.0]
21.36	[14.8, 15.2, 15.8, 16.2, 16.8, 17.2, 17.8, 18.2, 18.8, 19.2, 19.8, 21.2]
21.44	[15.4, 15.6, 16.4, 16.6, 17.4, 17.6, 18.4, 18.6, 19.4, 19.6]
21.6	[15.0, 17.0, 19.0, 20.0, 21.0]
21.76	[14.8, 15.2, 15.8, 16.2, 16.8, 17.2, 17.8, 18.2, 18.8, 19.2, 19.8, 20.2, 20.8, 21.2]
21.84	[15.4, 15.6, 16.4, 16.6, 17.4, 17.6, 18.4, 18.6, 19.4, 19.6]
22.0	[15.0, 16.0, 17.0, 18.0, 19.0, 20.0]
22.16	[14.8, 15.2, 15.8, 16.2, 16.8, 17.2, 17.8, 18.2, 18.8, 19.2, 19.8, 20.2]
22.24	[14.6, 15.4, 16.6, 17.4, 18.4, 18.6, 19.4, 20.6, 21.4]
22.4	[15.0, 16.0, 17.0, 18.0, 19.0]
22.56	[15.2, 15.8, 16.2, 16.8, 17.8, 18.2, 19.2, 19.8, 20.2]
22.64	[14.6, 15.4, 15.6, 16.4, 16.6, 17.4, 17.6, 18.4, 18.6, 19.4, 19.6, 20.4]
22.8	[15.0, 16.0, 17.0, 18.0, 19.0, 20.0]
22.96	[14.8, 15.2, 15.8, 16.2, 16.8, 17.2, 17.8, 18.2, 18.8, 19.2, 19.8, 20.2]
23.04	[14.4, 14.6, 15.4, 15.6, 16.4, 16.6, 17.4, 17.6, 18.4, 18.6, 19.4, 19.6, 20.4, 21.6]
23.2	[15.0, 16.0, 17.0, 19.0, 20.0]
23.36	[14.8, 15.2, 15.8, 16.2, 16.8, 17.2, 17.8, 18.2, 18.8, 19.2, 20.2]
23.44	[14.4, 14.6, 15.4, 15.6, 16.4, 16.6, 17.4, 17.6, 18.4, 18.6, 19.4, 19.6, 20.4, 20.6]
23.6	[15.0, 16.0, 17.0, 18.0, 19.0, 20.0]
23.76	[14.8, 15.2, 15.8, 16.2, 16.8, 17.2, 17.8, 18.2, 18.8, 19.2, 19.8]
23.84	[14.4, 14.6, 15.4, 16.6, 17.4, 17.6, 18.4, 18.6, 19.4, 20.6]
24.0	[15.0, 16.0, 17.0, 18.0, 19.0, 20.0]
24.16	[14.2, 15.2, 15.8, 16.2, 16.8, 17.8, 18.2, 19.8, 20.2, 20.8]
24.24	[14.4, 14.6, 15.4, 15.6, 16.4, 16.6, 17.4, 17.6, 18.4, 18.6, 19.4, 19.6, 20.4, 20.6]
24.4	[15.0, 16.0, 17.0, 18.0, 19.0, 20.0]
24.56	[14.2, 14.8, 15.2, 15.8, 16.2, 16.8, 17.2, 17.8, 18.2, 18.8, 19.2, 20.2, 20.8]
24.64	[14.4, 14.6, 15.4, 15.6, 16.4, 16.6, 17.4, 17.6, 18.4, 18.6, 19.4, 19.6]
24.8	[15.0, 16.0, 17.0, 19.0]
24.96	[14.2, 14.8, 15.8, 16.2, 17.2, 17.8, 18.2, 18.8, 19.2, 19.8]
25.04	[14.4, 14.6, 15.4, 15.6, 16.4, 16.6, 17.4, 17.6, 18.4, 18.6, 19.4, 19.6]
25.2	[14.0, 15.0, 16.0, 17.0, 18.0, 19.0, 20.0, 21.0]
25.36	[14.2, 14.8, 15.2, 15.8, 16.2, 16.8, 17.2, 17.8, 18.2, 18.8, 19.2, 19.8, 20.8]
25.44	[14.4, 14.6, 15.4, 16.6, 17.4, 17.6, 18.4, 18.6, 20.6]
25.6	[14.0, 15.0, 16.0, 17.0, 18.0, 19.0, 20.0, 21.0]
25.76	[14.2, 15.2, 15.8, 16.2, 16.8, 17.8, 18.2, 19.2, 19.8]
25.84	[14.4, 14.6, 15.4, 15.6, 16.4, 16.6, 17.4, 17.6, 18.4, 18.6, 19.4, 19.6, 20.4]
26.0	[14.0, 15.0, 16.0, 17.0, 18.0, 19.0, 20.0]
26.16	[13.8, 14.2, 14.8, 15.2, 15.8, 16.2, 16.8, 17.2, 17.8, 18.2, 18.8, 19.2, 19.8, 21.2]
26.24	[14.4, 14.6, 15.4, 15.6, 16.4, 16.6, 17.4, 17.6, 18.6, 19.4, 19.6]
26.4	[15.0, 16.0, 17.0, 19.0]
26.56	[13.8, 14.2, 14.8, 15.2, 15.8, 16.2, 16.8, 17.2, 17.8, 18.2, 18.8, 19.2, 19.8, 20.2]
26.64	[14.4, 14.6, 15.4, 15.6, 16.4, 16.6, 17.4, 17.6, 18.4, 18.6, 19.6]
26.8	[14.0, 15.0, 16.0, 17.0, 18.0, 19.0, 20.0]
26.96	[13.8, 14.2, 14.8, 15.2, 15.8, 16.2, 16.8, 17.2, 17.8, 18.2, 18.8, 19.2, 19.8, 20.2]
27.04	[13.6, 14.4, 14.6, 15.4, 16.6, 17.4, 17.6, 18.4, 18.6, 19.4, 21.4]
27.2	[14.0, 15.0, 16.0, 17.0, 18.0, 19.0, 20.0]
27.36	[13.8, 14.2, 15.2, 15.8, 16.2, 16.8, 17.8, 18.2, 19.2, 19.8, 20.2]
27.44	[13.6, 14.4, 14.6, 15.4, 15.6, 16.4, 16.6, 17.4, 17.6, 18.4, 19.4, 19.6, 20.4]
27.6	[14.0, 15.0, 16.0, 17.0, 18.0, 19.0, 20.0]
27.76	[13.8, 14.2, 14.8, 15.2, 15.8, 16.2, 16.8, 17.2, 17.8, 18.2, 18.8, 19.2]
27.84	[13.6, 14.4, 14.6, 15.4, 15.6, 16.4, 16.6, 17.4, 17.6, 18.4, 18.6, 19.4, 19.6, 20.4]
28.0	[15.0, 17.0, 19.0]
28.16	[13.8, 14.2, 14.8, 15.2, 15.8, 16.2, 16.8, 17.2, 17.8, 18.2, 18.8, 20.2]
28.24	[13.4, 13.6, 14.4, 14.6, 15.4, 15.6, 16.4, 16.6, 17.4, 17.6, 18.4, 18.6, 19.4, 20.4, 20.6]
28.4	[14.0, 15.0, 16.0, 17.0, 18.0, 19.0, 20.0]
28.56	[13.8, 14.2, 14.8, 15.2, 15.8, 16.2, 16.8, 17.2, 17.8, 18.2, 18.8, 19.2]
28.64	[13.4, 13.6, 14.6, 15.4, 16.6, 17.4, 18.4, 19.4, 20.6]
28.8	[14.0, 15.0, 16.0, 17.0, 18.0, 19.0]
28.96	[13.8, 14.2, 15.2, 15.8, 16.2, 16.8, 17.8, 18.2, 19.2, 19.8]
29.04	[13.4, 13.6, 14.4, 14.6, 15.4, 15.6, 16.4, 16.6, 17.4, 17.6, 18.4, 18.6, 19.4, 19.6]
29.2	[14.0, 15.0, 16.0, 17.0, 18.0, 19.0]
29.36	[13.2, 13.8, 14.2, 14.8, 15.2, 15.8, 16.2, 16.8, 17.2, 17.8, 18.2, 18.8, 19.2, 20.8]
29.44	[13.4, 13.6, 14.4, 14.6, 15.4, 15.6, 16.4, 16.6, 17.4, 17.6, 18.4, 18.6, 19.6, 20.4, 20.6]
29.6	[15.0, 16.0, 17.0, 19.0]
29.76	[13.2, 13.8, 14.2, 14.8, 15.2, 15.8, 16.2, 16.8, 17.2, 17.8, 18.2, 18.8, 19.2, 19.8, 20.2, 20.8]
29.84	[13.4, 13.6, 14.4, 14.6, 15.4, 15.6, 16.4, 16.6, 17.4, 17.6, 18.4, 18.6, 19.4, 19.6]
30.0	[14.0, 15.0, 16.0, 17.0, 18.0, 19.0]
30.16	[13.2, 13.8, 14.2, 14.8, 15.2, 15.8, 16.2, 16.8, 17.2, 17.8, 18.2, 18.8, 19.2, 19.8]
30.24	[13.4, 13.6, 14.4, 14.6, 15.4, 16.6, 17.4, 17.6, 18.6, 19.4]
30.4	[13.0, 14.0, 15.0, 16.0, 17.0, 18.0, 19.0, 20.0, 21.0]
30.56	[13.8, 14.2, 15.2, 15.8, 16.2, 16.8, 17.8, 18.2]
30.64	[13.4, 13.6, 14.4, 14.6, 15.4, 15.6, 16.4, 16.6, 17.4, 17.6, 18.4, 18.6, 19.4, 19.6]
30.8	[13.0, 14.0, 15.0, 16.0, 17.0, 18.0, 19.0, 20.0]
30.96	[13.2, 13.8, 14.2, 14.8, 15.2, 15.8, 16.2, 16.8, 17.2, 18.2, 18.8, 19.2, 19.8]
31.04	[13.4, 13.6, 14.4, 14.6, 15.4, 15.6, 16.4, 16.6, 17.4, 17.6, 18.4, 18.6, 19.4, 19.6]
31.2	[13.0, 15.0, 16.0, 17.0, 19.0, 20.0]
31.36	[12.8, 13.2, 13.8, 14.2, 14.8, 15.8, 16.2, 17.2, 17.8, 18.2, 18.8, 19.8, 21.2]
31.44	[13.4, 13.6, 14.4, 14.6, 15.4, 15.6, 16.4, 16.6, 17.4, 17.6, 18.4, 19.4, 19.6]
31.6	[13.0, 14.0, 15.0, 16.0, 17.0, 18.0, 19.0, 20.0]
31.76	[12.8, 13.2, 13.8, 14.2, 14.8, 15.2, 15.8, 16.2, 16.8, 17.2, 17.8, 18.2, 18.8, 20.2]
31.84	[13.4, 13.6, 14.4, 14.6, 15.4, 16.6, 17.4, 17.6, 18.4, 18.6, 19.4]
32.0	[13.0, 14.0, 15.0, 16.0, 17.0, 18.0, 19.0]
32.16	[12.8, 13.8, 14.2, 15.2, 15.8, 16.2, 16.8, 17.8, 18.2, 19.2, 20.2]
32.24	[13.4, 13.6, 14.4, 14.6, 15.4, 15.6, 16.4, 16.6, 17.4, 17.6, 18.4, 18.6]
32.4	[13.0, 14.0, 15.0, 16.0, 17.0, 18.0, 20.0]
32.56	[12.8, 13.2, 13.8, 14.2, 14.8, 15.2, 15.8, 16.2, 16.8, 17.2, 17.8, 18.2, 18.8, 19.2, 19.8, 20.2]
32.64	[12.6, 13.4, 14.4, 14.6, 15.4, 15.6, 16.4, 16.6, 17.4, 18.6, 19.4, 19.6, 20.4]
32.8	[13.0, 15.0, 16.0, 17.0, 19.0]
32.96	[12.8, 13.2, 13.8, 14.2, 14.8, 15.2, 15.8, 16.2, 16.8, 17.2, 17.8, 18.2, 18.8, 19.2]
33.04	[12.6, 13.4, 13.6, 14.4, 14.6, 15.4, 15.6, 16.4, 16.6, 17.4, 17.6, 18.4, 18.6, 19.6, 20.4]
33.2	[13.0, 14.0, 15.0, 16.0, 17.0, 18.0, 19.0]
33.36	[12.8, 13.2, 13.8, 14.2, 14.8, 15.2, 15.8, 16.2, 16.8, 17.2, 17.8, 18.2, 18.8, 19.2]
33.44	[12.6, 13.4, 13.6, 14.4, 14.6, 15.4, 16.6, 17.4, 17.6, 18.6, 19.4]
33.6	[13.0, 14.0, 15.0, 16.0, 17.0, 18.0, 19.0]
33.76	[12.8, 13.8, 14.2, 15.2, 15.8, 16.2, 16.8, 17.8, 18.2, 20.2]
33.84	[12.4, 12.6, 13.4, 13.6, 14.4, 14.6, 15.4, 15.6, 16.4, 16.6, 17.4, 17.6, 18.4, 18.6, 19.4, 20.4, 20.6]
34.0	[13.0, 14.0, 15.0, 16.0, 17.0, 18.0, 20.0]
34.16	[12.8, 13.2, 13.8, 14.2, 14.8, 15.2, 15.8, 16.2, 16.8, 17.2, 17.8, 18.2, 18.8, 19.2]
34.24	[12.4, 12.6, 13.4, 13.6, 14.4, 14.6, 15.4, 15.6, 16.4, 16.6, 17.4, 17.6, 18.4, 18.6, 19.4, 19.6, 20.6]
34.4	[13.0, 15.0, 17.0, 19.0]
34.56	[12.8, 13.2, 13.8, 14.2, 14.8, 15.2, 15.8, 16.2, 16.8, 17.2, 17.8, 18.2, 18.8, 19.2, 19.8]
34.64	[12.4, 12.6, 13.4, 13.6, 14.4, 14.6, 15.4, 15.6, 16.4, 16.6, 17.4, 17.6, 18.4, 18.6, 19.6]
34.8	[13.0, 14.0, 15.0, 16.0, 17.0, 18.0]
34.96	[12.2, 12.8, 13.2, 13.8, 14.2, 14.8, 15.2, 15.8, 16.2, 16.8, 17.2, 17.8, 18.2, 18.8, 19.2, 20.8]
35.04	[12.6, 13.4, 13.6, 14.6, 15.4, 16.6, 17.4, 18.4, 18.6, 19.4]
35.2	[13.0, 14.0, 15.0, 16.0, 17.0, 18.0, 19.0]
35.36	[12.2, 12.8, 13.8, 14.2, 15.2, 15.8, 16.2, 17.8, 18.2, 19.8]
35.44	[12.4, 12.6, 13.4, 13.6, 14.4, 14.6, 15.4, 15.6, 16.4, 16.6, 17.4, 17.6, 18.4, 18.6, 19.4, 19.6]
35.6	[13.0, 14.0, 15.0, 16.0, 17.0, 18.0]
35.76	[12.2, 12.8, 13.2, 13.8, 14.2, 14.8, 15.2, 15.8, 16.2, 16.8, 17.2, 17.8, 18.2, 18.8, 19.2, 19.8]
35.84	[12.4, 12.6, 13.4, 13.6, 14.4, 14.6, 15.4, 15.6, 16.4, 16.6, 17.4, 17.6, 18.4, 18.6, 19.4, 19.6]
36.0	[12.0, 13.0, 15.0, 16.0, 17.0, 21.0]
36.16	[12.2, 12.8, 13.2, 13.8, 14.2, 14.8, 15.2, 15.8, 16.2, 16.8, 17.2, 17.8, 18.2, 18.8, 19.2, 19.8]
36.24	[12.4, 12.6, 13.4, 13.6, 14.4, 14.6, 15.4, 15.6, 16.4, 16.6, 17.4, 17.6, 18.4, 18.6]
36.4	[12.0, 13.0, 14.0, 15.0, 16.0, 17.0, 18.0, 19.0, 20.0]
36.56	[12.2, 12.8, 13.2, 13.8, 14.2, 14.8, 15.2, 15.8, 16.2, 16.8, 17.2, 17.8, 18.2, 18.8]
36.64	[12.6, 13.4, 13.6, 14.4, 14.6, 15.4, 16.6, 17.4, 17.6, 18.4, 18.6, 19.4]
36.8	[12.0, 13.0, 14.0, 15.0, 16.0, 17.0, 18.0, 19.0, 20.0]
36.96	[12.2, 13.8, 14.2, 15.2, 15.8, 16.2, 16.8, 17.8, 18.2, 19.8]
37.04	[12.4, 12.6, 13.4, 13.6, 14.4, 14.6, 15.4, 15.6, 16.4, 16.6, 17.4, 17.6, 18.4, 18.6, 19.6]
37.2	[12.0, 13.0, 14.0, 15.0, 16.0, 17.0, 18.0, 19.0, 20.0]
37.36	[11.8, 12.2, 12.8, 13.2, 13.8, 14.2, 14.8, 15.2, 15.8, 16.2, 16.8, 17.2, 17.8, 18.2, 18.8, 20.2]
37.44	[12.4, 12.6, 13.4, 13.6, 14.4, 14.6, 15.4, 15.6, 16.4, 16.6, 17.4, 17.6, 18.4, 18.6, 19.4]
37.6	[12.0, 13.0, 15.0, 16.0, 17.0, 19.0]
37.76	[11.8, 12.2, 12.8, 13.2, 13.8, 14.2, 14.8, 15.8, 16.2, 17.2, 17.8, 18.8, 20.2]
37.84	[12.4, 12.6, 13.4, 13.6, 14.4, 14.6, 15.4, 15.6, 16.4, 16.6, 17.4, 17.6, 18.4, 18.6]
38.0	[12.0, 13.0, 14.0, 15.0, 16.0, 17.0, 18.0, 19.0]
38.16	[11.8, 12.2, 12.8, 13.2, 13.8, 14.2, 14.8, 15.2, 15.8, 16.2, 16.8, 17.2, 17.8, 18.8, 19.2]
38.24	[12.6, 13.4, 13.6, 14.4, 14.6, 15.4, 16.6, 17.4, 17.6, 18.4]
38.4	[12.0, 13.0, 14.0, 15.0, 17.0, 18.0, 19.0, 20.0]
38.56	[11.8, 12.2, 12.8, 13.8, 14.2, 15.2, 15.8, 16.2, 16.8, 17.8, 18.2, 19.2, 19.8, 20.2]
38.64	[11.6, 12.4, 12.6, 13.4, 13.6, 14.4, 14.6, 15.4, 15.6, 16.4, 16.6, 17.4, 17.6, 18.4, 18.6, 20.4]
38.8	[12.0, 13.0, 14.0, 15.0, 16.0, 17.0, 18.0, 19.0]
38.96	[11.8, 12.2, 12.8, 13.2, 13.8, 14.2, 14.8, 15.2, 15.8, 16.2, 16.8, 17.2, 17.8, 18.2, 18.8, 19.2]
39.04	[11.6, 12.4, 12.6, 13.4, 14.4, 14.6, 15.4, 15.6, 16.4, 16.6, 17.4, 17.6, 18.6, 19.4, 19.6, 20.4]
39.2	[12.0, 13.0, 15.0, 16.0, 17.0, 19.0]
39.36	[11.8, 12.2, 12.8, 13.2, 13.8, 14.2, 14.8, 15.2, 15.8, 16.2, 16.8, 17.2, 17.8, 18.2]
39.44	[11.6, 12.4, 12.6, 13.4, 13.6, 14.4, 14.6, 15.4, 15.6, 16.4, 16.6, 17.4, 17.6, 18.4, 18.6, 19.4]
39.6	[12.0, 13.0, 14.0, 15.0, 16.0, 17.0, 18.0, 19.0]
39.76	[11.8, 12.2, 12.8, 13.2, 13.8, 14.2, 14.8, 15.2, 15.8, 16.2, 16.8, 17.2, 17.8, 18.2, 18.8, 19.2]
39.84	[11.4, 12.6, 13.4, 13.6, 14.4, 14.6, 15.4, 16.6, 17.4, 17.6, 19.4, 20.6]
40.0	[12.0, 13.0, 14.0, 15.0, 16.0, 17.0, 18.0, 19.0]
40.16	[11.8, 12.2, 12.8, 13.8, 14.2, 15.2, 15.8, 16.2, 16.8, 17.8, 18.2, 19.2]
40.24	[11.4, 11.6, 12.4, 12.6, 13.4, 13.6, 14.4, 14.6, 15.4, 15.6, 16.4, 16.6, 17.4, 17.6, 18.4, 18.6, 19.4, 19.6]
40.4	[12.0, 13.0, 14.0, 15.0, 16.0, 17.0, 18.0, 19.0]
40.56	[11.8, 12.2, 12.8, 13.2, 13.8, 14.2, 14.8, 15.2, 15.8, 16.2, 16.8, 17.2, 17.8, 18.2, 18.8, 19.2]
40.64	[11.4, 11.6, 12.4, 12.6, 13.4, 13.6, 14.4, 14.6, 15.4, 15.6, 16.4, 16.6, 17.6, 18.4, 19.4, 19.6]
40.8	[12.0, 13.0, 15.0, 17.0, 19.0]
40.96	[11.2, 11.8, 12.2, 12.8, 13.2, 13.8, 14.2, 14.8, 15.2, 15.8, 16.2, 16.8, 17.2, 17.8, 18.2, 18.8, 19.2, 20.8]
41.04	[11.4, 11.6, 12.4, 12.6, 13.4, 13.6, 14.4, 14.6, 15.4, 15.6, 16.4, 16.6, 17.4, 17.6, 18.4, 18.6, 19.6]
41.2	[12.0, 13.0, 14.0, 15.0, 16.0, 17.0, 18.0]
41.36	[11.2, 11.8, 12.2, 12.8, 13.2, 13.8, 14.2, 14.8, 15.2, 15.8, 16.2, 16.8, 17.2, 17.8, 18.2, 18.8, 19.8]
41.44	[11.4, 12.6, 13.4, 13.6, 14.6, 15.4, 16.6, 17.4, 18.6]
41.6	[13.0, 14.0, 15.0, 16.0, 17.0]
41.76	[11.2, 11.8, 12.2, 12.8, 13.8, 14.2, 15.8, 16.2, 16.8, 17.8, 18.2, 19.8]
41.84	[11.4, 11.6, 12.4, 12.6, 13.4, 13.6, 14.4, 14.6, 15.4, 15.6, 16.4, 16.6, 17.4, 17.6, 18.4, 18.6, 19.4, 19.6]
42.0	[12.0, 13.0, 14.0, 15.0, 16.0, 17.0, 18.0]
42.16	[11.2, 11.8, 12.2, 12.8, 13.2, 13.8, 14.2, 14.8, 15.2, 15.8, 16.2, 16.8, 17.2, 17.8, 18.2, 18.8, 19.2, 19.8]
42.24	[11.4, 11.6, 12.4, 12.6, 13.4, 13.6, 14.4, 14.6, 15.4, 15.6, 16.4, 16.6, 17.4, 17.6, 18.4, 18.6]
42.4	[11.0, 12.0, 13.0, 15.0, 16.0, 17.0, 19.0, 20.0]
42.56	[11.2, 11.8, 12.2, 12.8, 13.2, 13.8, 14.2, 14.8, 15.2, 15.8, 16.2, 16.8, 17.2, 17.8, 18.2, 18.8]
42.64	[11.4, 11.6, 12.4, 12.6, 13.4, 13.6, 14.4, 14.6, 15.4, 15.6, 16.4, 16.6, 17.4, 17.6, 18.4, 18.6]
42.8	[11.0, 12.0, 13.0, 14.0, 15.0, 16.0, 17.0, 18.0, 19.0, 20.0]
42.96	[11.2, 11.8, 12.2, 12.8, 13.2, 13.8, 14.2, 14.8, 15.2, 15.8, 16.2, 16.8, 17.2, 18.2, 18.8]
43.04	[11.4, 12.6, 13.4, 13.6, 14.4, 14.6, 15.4, 16.6, 17.4, 17.6, 18.4]
43.2	[11.0, 12.0, 13.0, 14.0, 15.0, 16.0, 17.0, 18.0, 19.0]
43.36	[11.2, 11.8, 12.2, 13.8, 14.2, 15.2, 15.8, 16.2, 16.8, 17.8, 18.2, 19.8]
43.44	[11.4, 11.6, 12.4, 12.6, 13.4, 13.6, 14.4, 14.6, 15.4, 15.6, 16.4, 16.6, 17.4, 17.6, 18.4, 19.6]
43.6	[11.0, 12.0, 13.0, 14.0, 15.0, 16.0, 17.0, 18.0, 19.0, 20.0]
43.76	[10.8, 11.2, 11.8, 12.2, 12.8, 13.2, 13.8, 14.2, 14.8, 15.2, 15.8, 16.2, 16.8, 17.2, 17.8, 18.8, 20.2]
43.84	[11.4, 11.6, 12.4, 12.6, 13.4, 13.6, 14.4, 14.6, 15.4, 15.6, 16.4, 16.6, 17.4, 17.6, 18.4, 18.6, 19.4]
44.0	[11.0, 12.0, 13.0, 15.0, 16.0, 17.0, 19.0]
44.16	[10.8, 11.2, 11.8, 12.2, 12.8, 13.2, 13.8, 14.2, 14.8, 15.8, 16.2, 17.2, 17.8, 18.2, 18.8, 19.2, 20.2]
44.24	[11.4, 11.6, 12.4, 12.6, 13.4, 13.6, 14.4, 14.6, 15.4, 15.6, 16.4, 16.6, 17.4, 17.6, 18.4]
44.4	[11.0, 12.0, 13.0, 14.0, 15.0, 16.0, 17.0, 18.0]
44.56	[10.8, 11.2, 11.8, 12.2, 12.8, 13.2, 13.8, 14.2, 14.8, 15.2, 15.8, 16.2, 16.8, 17.2, 17.8, 18.2, 18.8, 19.2]
44.64	[11.4, 12.6, 13.4, 13.6, 14.4, 14.6, 15.4, 16.6, 17.4, 17.6, 18.6]
44.8	[11.0, 12.0, 13.0, 14.0, 15.0, 16.0, 17.0, 18.0, 19.0]
44.96	[11.2, 11.8, 12.2, 12.8, 13.8, 14.2, 15.2, 15.8, 16.2, 16.8, 17.8, 18.2]
45.04	[10.6, 11.4, 11.6, 12.4, 12.6, 13.4, 13.6, 14.4, 14.6, 15.4, 15.6, 16.4, 16.6, 17.4, 17.6, 18.4, 18.6, 20.4]
45.2	[11.0, 12.0, 13.0, 14.0, 15.0, 16.0, 17.0, 18.0, 19.0]
45.36	[10.8, 11.2, 11.8, 12.2, 12.8, 13.2, 13.8, 14.2, 14.8, 15.2, 15.8, 16.2, 16.8, 17.2, 17.8, 18.2, 18.8, 19.2]
45.44	[10.6, 11.4, 11.6, 12.4, 12.6, 13.4, 14.6, 15.4, 15.6, 16.4, 16.6, 17.4, 17.6, 19.4]
45.6	[11.0, 12.0, 13.0, 15.0, 16.0, 17.0, 19.0]
45.76	[10.8, 11.2, 11.8, 12.2, 12.8, 13.2, 13.8, 14.2, 14.8, 15.2, 15.8, 16.2, 16.8, 17.2, 17.8, 18.2, 18.8, 19.2]
45.84	[10.6, 11.4, 11.6, 12.4, 12.6, 13.4, 13.6, 14.4, 14.6, 15.4, 15.6, 16.4, 16.6, 17.4, 17.6, 18.6, 19.4]
46.0	[11.0, 12.0, 13.0, 14.0, 15.0, 16.0, 17.0, 18.0]
46.16	[10.8, 11.2, 11.8, 12.2, 12.8, 13.2, 13.8, 14.2, 14.8, 15.2, 15.8, 16.2, 16.8, 17.2, 17.8, 18.2]
46.24	[10.4, 10.6, 11.4, 12.6, 13.4, 13.6, 14.4, 14.6, 15.4, 16.6, 17.4, 17.6, 18.4, 18.6, 19.4, 20.6]
46.4	[11.0, 12.0, 13.0, 14.0, 15.0, 16.0, 17.0, 18.0]
46.56	[11.8, 12.2, 12.8, 13.8, 14.2, 15.2, 15.8, 16.2, 16.8, 17.8, 18.2]
46.64	[10.4, 10.6, 11.4, 11.6, 12.4, 12.6, 13.4, 13.6, 14.4, 14.6, 15.4, 15.6, 16.4, 16.6, 17.4, 17.6, 18.4, 19.6]
46.8	[11.0, 12.0, 13.0, 14.0, 15.0, 16.0, 17.0, 18.0]
46.96	[10.8, 11.2, 11.8, 12.2, 12.8, 13.2, 13.8, 14.2, 14.8, 15.2, 15.8, 16.2, 16.8, 17.2, 17.8, 18.2, 18.8, 19.2]
47.04	[10.4, 10.6, 11.4, 11.6, 12.4, 12.6, 13.4, 13.6, 14.4, 14.6, 15.4, 15.6, 16.4, 16.6, 17.4, 17.6, 18.4, 19.4, 19.6]
47.2	[11.0, 12.0, 13.0, 15.0, 17.0, 19.0]
47.36	[10.8, 11.2, 11.8, 12.2, 12.8, 13.2, 13.8, 14.2, 14.8, 15.2, 15.8, 16.2, 16.8, 17.2, 17.8, 18.2]
47.44	[10.4, 10.6, 11.4, 11.6, 12.4, 12.6, 13.4, 13.6, 14.4, 14.6, 15.4, 15.6, 16.4, 16.6, 17.4, 17.6, 18.4, 18.6, 19.6]
47.6	[11.0, 12.0, 13.0, 14.0, 15.0, 16.0, 17.0, 18.0]
47.76	[10.2, 10.8, 11.2, 11.8, 12.2, 12.8, 13.2, 13.8, 14.2, 14.8, 15.2, 15.8, 16.2, 16.8, 17.2, 18.2, 18.8, 19.8]
47.84	[10.4, 10.6, 11.4, 12.6, 13.4, 13.6, 14.6, 15.4, 16.6, 17.4, 18.4, 18.6]
48.0	[11.0, 13.0, 14.0, 15.0, 16.0, 17.0, 18.0]
48.16	[10.2, 11.2, 11.8, 12.2, 12.8, 13.8, 14.2, 15.2, 15.8, 16.2, 16.8, 17.8, 18.2, 19.8]
48.24	[10.4, 10.6, 11.4, 11.6, 12.4, 12.6, 13.4, 13.6, 14.4, 14.6, 15.4, 15.6, 16.4, 16.6, 17.4, 17.6, 18.6]
48.4	[11.0, 12.0, 13.0, 14.0, 15.0, 16.0, 17.0, 18.0]
48.56	[10.2, 10.8, 11.2, 11.8, 12.2, 12.8, 13.2, 13.8, 14.2, 14.8, 15.2, 15.8, 16.2, 16.8, 17.2, 17.8, 18.2, 18.8]
48.64	[10.4, 10.6, 11.4, 11.6, 12.4, 12.6, 13.4, 13.6, 14.4, 14.6, 15.4, 15.6, 16.4, 16.6, 17.4, 17.6, 18.4, 18.6, 19.4, 19.6]
48.8	[11.0, 12.0, 13.0, 15.0, 16.0, 17.0]
48.96	[10.2, 10.8, 11.2, 11.8, 12.2, 12.8, 13.2, 13.8, 14.2, 14.8, 15.2, 15.8, 16.2, 16.8, 17.2, 17.8, 18.2, 18.8, 19.2, 19.8]
49.04	[10.4, 10.6, 11.4, 11.6, 12.4, 12.6, 13.4, 13.6, 14.4, 14.6, 15.4, 15.6, 16.4, 16.6, 17.4, 17.6, 18.4, 18.6]
49.2	[10.0, 11.0, 12.0, 13.0, 14.0, 15.0, 16.0, 17.0, 18.0, 20.0]
49.36	[10.2, 10.8, 11.2, 11.8, 12.2, 12.8, 13.2, 13.8, 14.2, 14.8, 15.2, 15.8, 16.2, 16.8, 17.2, 18.2, 18.8]
49.44	[10.4, 10.6, 11.4, 12.6, 13.4, 14.4, 14.6, 15.4, 16.6, 17.4, 17.6, 18.6]
49.6	[10.0, 11.0, 12.0, 13.0, 14.0, 15.0, 16.0, 17.0, 18.0, 19.0, 20.0]
49.76	[10.2, 11.2, 11.8, 12.2, 13.8, 14.2, 15.2, 15.8, 16.2, 16.8, 17.8]
49.84	[10.4, 10.6, 11.4, 11.6, 12.4, 12.6, 13.4, 13.6, 14.4, 14.6, 15.4, 15.6, 16.4, 16.6, 17.4, 17.6, 18.4, 18.6]
50.0	[10.0, 11.0, 12.0, 13.0, 14.0, 15.0, 16.0, 17.0, 18.0, 19.0]
50.16	[10.2, 10.8, 11.2, 11.8, 12.2, 12.8, 13.2, 13.8, 14.2, 14.8, 15.2, 15.8, 16.2, 16.8, 17.2, 17.8, 18.2, 18.8]
50.24	[10.4, 10.6, 11.4, 11.6, 12.4, 12.6, 13.4, 13.6, 14.4, 14.6, 15.4, 15.6, 16.4, 16.6, 17.4, 17.6]
50.4	[11.0, 12.0, 13.0, 15.0, 16.0, 17.0]
50.56	[9.8, 10.2, 10.8, 11.2, 11.8, 12.2, 12.8, 13.2, 13.8, 14.2, 14.8, 15.8, 16.2, 17.2, 17.8, 18.2, 18.8, 20.2]
50.64	[10.4, 10.6, 11.4, 11.6, 12.4, 12.6, 13.4, 13.6, 14.4, 14.6, 15.4, 15.6, 16.4, 16.6, 17.4, 17.6, 18.4, 18.6]
50.8	[10.0, 11.0, 12.0, 13.0, 14.0, 15.0, 16.0, 17.0, 18.0, 19.0]
50.96	[9.8, 10.2, 10.8, 11.2, 11.8, 12.2, 12.8, 13.2, 13.8, 14.2, 14.8, 15.2, 15.8, 16.2, 16.8, 17.2, 17.8, 18.8, 19.2]
51.04	[10.4, 10.6, 11.4, 12.6, 13.4, 13.6, 14.4, 14.6, 15.4, 16.6, 17.4, 17.6, 18.4, 18.6]
51.2	[10.0, 11.0, 12.0, 13.0, 14.0, 15.0, 16.0, 17.0, 18.0, 19.0]
51.36	[9.8, 10.2, 11.2, 11.8, 12.2, 12.8, 13.8, 14.2, 15.2, 15.8, 16.2, 16.8, 17.8, 18.2, 19.2]
51.44	[10.4, 10.6, 11.4, 11.6, 12.4, 12.6, 13.4, 13.6, 14.4, 14.6, 15.4, 15.6, 16.4, 16.6, 17.4, 17.6, 18.4]
51.6	[10.0, 11.0, 12.0, 13.0, 14.0, 15.0, 16.0, 17.0, 18.0]
51.76	[9.8, 10.2, 10.8, 11.2, 11.8, 12.2, 12.8, 13.2, 13.8, 14.2, 14.8, 15.2, 15.8, 16.2, 16.8, 17.2, 17.8, 18.2, 19.2]
51.84	[9.6, 10.6, 11.4, 11.6, 12.4, 12.6, 13.4, 14.4, 14.6, 15.4, 15.6, 16.4, 16.6, 17.4, 18.6, 20.4]
52.0	[11.0, 12.0, 13.0, 15.0, 16.0]
52.16	[9.8, 10.2, 10.8, 11.2, 11.8, 12.2, 12.8, 13.2, 13.8, 14.2, 14.8, 15.2, 15.8, 16.2, 16.8, 17.2, 17.8, 18.2]
52.24	[9.6, 10.4, 10.6, 11.4, 11.6, 12.4, 12.6, 13.4, 13.6, 14.4, 14.6, 15.4, 15.6, 16.4, 16.6, 17.6, 19.4]
52.4	[10.0, 11.0, 12.0, 13.0, 14.0, 15.0, 16.0, 17.0, 18.0, 19.0]
52.56	[9.8, 10.2, 10.8, 11.2, 11.8, 12.2, 12.8, 13.2, 13.8, 14.2, 14.8, 15.2, 15.8, 16.2, 16.8, 17.2, 18.8, 19.2]
52.64	[9.6, 10.4, 10.6, 11.4, 12.6, 13.4, 13.6, 14.4, 14.6, 15.4, 16.6, 17.4, 19.4]
52.8	[10.0, 11.0, 12.0, 13.0, 14.0, 15.0, 16.0, 17.0, 18.0]
52.96	[9.8, 10.2, 11.8, 12.2, 12.8, 13.8, 14.2, 15.2, 15.8, 16.2, 16.8, 17.8, 18.2]
53.04	[9.6, 10.4, 10.6, 11.4, 11.6, 12.4, 12.6, 13.4, 13.6, 14.4, 14.6, 15.4, 15.6, 16.4, 16.6, 17.4, 17.6, 18.4, 18.6, 19.4]
53.2	[10.0, 11.0, 12.0, 13.0, 14.0, 15.0, 16.0, 17.0, 18.0]
53.36	[9.8, 10.2, 10.8, 11.2, 11.8, 12.2, 12.8, 13.2, 13.8, 14.2, 14.8, 15.2, 15.8, 16.2, 16.8, 17.2, 17.8, 18.2]
53.44	[9.4, 9.6, 10.4, 10.6, 11.4, 11.6, 12.4, 12.6, 13.4, 13.6, 14.4, 14.6, 15.4, 15.6, 16.4, 16.6, 17.4, 17.6, 18.4, 19.6]
53.6	[11.0, 12.0, 13.0, 15.0, 17.0]
53.76	[9.8, 10.2, 10.8, 11.2, 11.8, 12.2, 13.2, 13.8, 14.2, 14.8, 15.2, 15.8, 16.2, 16.8, 17.2, 17.8]
53.84	[9.4, 9.6, 10.4, 10.6, 11.4, 11.6, 12.4, 12.6, 13.4, 13.6, 14.4, 14.6, 15.4, 15.6, 16.4, 16.6, 17.4, 17.6, 18.4, 19.6]
54.0	[10.0, 11.0, 12.0, 13.0, 14.0, 15.0, 16.0, 17.0, 18.0]
54.16	[9.8, 10.2, 10.8, 11.2, 11.8, 12.2, 12.8, 13.2, 13.8, 14.2, 14.8, 15.2, 15.8, 16.2, 16.8, 17.2, 17.8, 19.2]
54.24	[9.4, 9.6, 10.4, 10.6, 11.4, 12.6, 13.4, 13.6, 14.6, 15.4, 16.6, 17.4, 18.6, 19.4]
54.4	[10.0, 11.0, 13.0, 14.0, 15.0, 16.0, 17.0, 18.0, 19.0]
54.56	[9.8, 10.2, 11.2, 11.8, 12.2, 12.8, 13.8, 14.2, 15.2, 15.8, 16.2, 17.8, 18.2]
54.64	[9.4, 9.6, 10.4, 10.6, 11.4, 11.6, 12.4, 12.6, 13.4, 13.6, 14.4, 14.6, 15.4, 15.6, 16.4, 16.6, 17.4, 18.4, 18.6, 19.6]
54.8	[10.0, 11.0, 12.0, 13.0, 14.0, 15.0, 16.0, 17.0, 18.0]
54.96	[9.2, 9.8, 10.2, 10.8, 11.2, 11.8, 12.2, 12.8, 13.2, 13.8, 14.2, 14.8, 15.2, 15.8, 16.2, 16.8, 17.2, 18.2, 18.8, 19.8]
55.04	[9.4, 9.6, 10.4, 10.6, 11.4, 11.6, 12.4, 12.6, 13.4, 13.6, 14.4, 14.6, 15.4, 15.6, 16.4, 16.6, 17.6, 18.4, 18.6]
55.2	[11.0, 12.0, 13.0, 15.0, 16.0, 17.0]
55.36	[9.2, 9.8, 10.2, 10.8, 11.2, 11.8, 12.2, 12.8, 13.2, 13.8, 14.2, 14.8, 15.2, 15.8, 16.2, 16.8, 17.2, 17.8, 18.2, 18.8, 19.8]
55.44	[9.4, 9.6, 10.4, 10.6, 11.4, 11.6, 12.4, 12.6, 13.4, 13.6, 14.4, 14.6, 15.4, 15.6, 16.4, 16.6, 17.4, 17.6, 18.4]
55.6	[10.0, 11.0, 12.0, 13.0, 14.0, 15.0, 16.0, 17.0, 18.0]
55.76	[9.2, 9.8, 10.2, 10.8, 11.2, 11.8, 12.2, 12.8, 13.2, 13.8, 14.2, 14.8, 15.2, 15.8, 16.2, 16.8, 17.2, 18.8]
55.84	[9.4, 9.6, 10.4, 10.6, 11.4, 12.6, 13.4, 13.6, 14.4, 14.6, 15.4, 16.6, 17.4, 17.6, 18.6]
56.0	[10.0, 11.0, 12.0, 13.0, 14.0, 15.0, 16.0, 17.0]
56.16	[9.8, 10.2, 11.2, 11.8, 12.2, 13.8, 14.2, 15.2, 15.8, 16.2, 16.8, 17.8]
56.24	[9.4, 9.6, 10.4, 10.6, 11.4, 11.6, 12.4, 12.6, 13.4, 13.6, 14.4, 14.6, 15.4, 15.6, 16.4, 16.6, 17.6, 18.4, 18.6]
56.4	[9.0, 10.0, 11.0, 12.0, 13.0, 14.0, 15.0, 16.0, 17.0, 18.0, 20.0]
56.56	[9.2, 9.8, 10.2, 10.8, 11.2, 11.8, 12.2, 12.8, 13.2, 13.8, 14.2, 14.8, 15.2, 15.8, 16.2, 16.8, 17.2, 17.8, 18.2, 18.8]
56.64	[9.4, 9.6, 10.4, 10.6, 11.4, 11.6, 12.4, 12.6, 13.4, 13.6, 14.4, 14.6, 15.4, 15.6, 16.4, 16.6, 18.4, 18.6]
56.8	[9.0, 11.0, 12.0, 13.0, 15.0, 16.0, 17.0, 19.0]
56.96	[9.2, 9.8, 10.2, 10.8, 11.2, 11.8, 12.2, 12.8, 13.2, 13.8, 14.2, 14.8, 15.8, 16.2, 17.2, 17.8, 18.2, 18.8]
57.04	[9.4, 9.6, 10.4, 10.6, 11.4, 11.6, 12.4, 12.6, 13.4, 13.6, 14.4, 14.6, 15.4, 15.6, 16.4, 16.6, 17.4, 17.6, 18.4]
57.2	[9.0, 10.0, 11.0, 12.0, 13.0, 14.0, 15.0, 16.0, 17.0, 18.0, 19.0]
57.36	[9.2, 9.8, 10.2, 10.8, 11.2, 11.8, 12.2, 12.8, 13.2, 13.8, 14.2, 14.8, 15.2, 15.8, 16.2, 16.8, 17.2, 17.8]
57.44	[9.4, 10.4, 10.6, 11.4, 12.6, 13.4, 13.6, 14.4, 14.6, 15.4, 16.6, 17.4, 17.6]
57.6	[9.0, 10.0, 11.0, 12.0, 13.0, 14.0, 15.0, 16.0, 18.0, 19.0]
57.76	[8.8, 9.8, 10.2, 11.2, 11.8, 12.2, 12.8, 13.8, 14.2, 15.2, 15.8, 16.2, 16.8, 17.8, 20.2]
57.84	[9.4, 9.6, 10.4, 10.6, 11.4, 11.6, 12.4, 12.6, 13.4, 13.6, 14.4, 14.6, 15.4, 15.6, 16.4, 17.4, 17.6]
58.0	[9.0, 10.0, 11.0, 12.0, 13.0, 14.0, 15.0, 16.0, 17.0, 18.0]
58.16	[8.8, 9.2, 9.8, 10.2, 10.8, 11.2, 11.8, 12.2, 12.8, 13.2, 13.8, 14.2, 14.8, 15.2, 15.8, 16.2, 16.8, 17.2, 17.8, 18.8, 19.2]
58.24	[9.4, 9.6, 10.6, 11.4, 11.6, 12.4, 12.6, 13.4, 14.4, 14.6, 15.4, 15.6, 16.4, 16.6, 17.4, 18.6]
58.4	[9.0, 11.0, 13.0, 15.0, 16.0, 17.0, 19.0]
58.56	[8.8, 9.2, 9.8, 10.2, 10.8, 11.2, 11.8, 12.2, 12.8, 13.2, 13.8, 14.2, 14.8, 15.2, 15.8, 16.2, 16.8, 17.2, 17.8, 18.2, 19.2]
58.64	[9.4, 9.6, 10.4, 10.6, 11.4, 11.6, 12.4, 12.6, 13.4, 13.6, 14.4, 14.6, 15.4, 15.6, 16.4, 16.6, 17.6, 18.4]
58.8	[9.0, 10.0, 11.0, 12.0, 13.0, 14.0, 15.0, 16.0, 17.0, 18.0]
58.96	[8.8, 9.2, 9.8, 10.2, 10.8, 11.2, 11.8, 12.2, 12.8, 13.2, 13.8, 14.2, 14.8, 15.2, 15.8, 16.2, 16.8, 17.2, 17.8, 18.2, 19.2]
59.04	[9.4, 9.6, 10.4, 10.6, 11.4, 12.6, 13.4, 13.6, 14.4, 14.6, 15.4, 16.6, 17.4, 17.6]
59.2	[9.0, 10.0, 11.0, 12.0, 13.0, 14.0, 15.0, 16.0, 17.0, 18.0]
59.36	[8.8, 9.8, 10.2, 11.8, 12.2, 12.8, 13.8, 14.2, 15.2, 15.8, 16.2, 18.2]
59.44	[8.6, 9.4, 9.6, 10.4, 10.6, 11.4, 11.6, 12.4, 12.6, 13.4, 13.6, 14.4, 14.6, 15.4, 15.6, 16.4, 16.6, 17.4, 17.6, 19.4]
59.6	[9.0, 10.0, 11.0, 12.0, 13.0, 14.0, 15.0, 16.0, 17.0]
59.76	[8.8, 9.2, 9.8, 10.2, 10.8, 11.2, 11.8, 12.2, 12.8, 13.2, 13.8, 14.2, 14.8, 15.2, 15.8, 16.2, 16.8, 17.2, 17.8, 18.2]
59.84	[8.6, 9.4, 9.6, 10.4, 10.6, 11.4, 11.6, 12.4, 12.6, 13.4, 13.6, 14.4, 14.6, 15.4, 15.6, 16.4, 16.6, 17.6, 19.4]
60.0	[9.0, 11.0, 12.0, 13.0, 15.0, 17.0, 19.0]
60.16	[8.8, 9.2, 9.8, 10.2, 10.8, 11.2, 11.8, 12.2, 12.8, 13.2, 13.8, 14.2, 14.8, 15.2, 15.8, 16.2, 16.8, 17.2, 17.8, 18.8, 19.2]
60.24	[8.6, 9.4, 9.6, 10.4, 10.6, 11.4, 11.6, 12.4, 12.6, 13.4, 13.6, 14.4, 14.6, 15.4, 15.6, 16.4, 16.6, 17.6, 18.4]
60.4	[9.0, 10.0, 11.0, 12.0, 13.0, 14.0, 15.0, 16.0, 17.0, 18.0]
60.56	[8.8, 9.2, 9.8, 10.2, 10.8, 11.2, 11.8, 12.2, 12.8, 13.2, 13.8, 14.2, 14.8, 15.2, 15.8, 16.8, 17.2, 17.8, 18.2]
60.64	[8.6, 9.4, 9.6, 10.4, 10.6, 11.4, 12.6, 13.4, 13.6, 14.6, 15.4, 16.6, 17.4, 18.4, 18.6, 19.4]
60.8	[9.0, 10.0, 11.0, 13.0, 14.0, 15.0, 16.0, 17.0]
60.96	[8.8, 9.8, 10.2, 11.2, 11.8, 12.2, 12.8, 13.8, 14.2, 15.2, 15.8, 16.2, 18.2]
61.04	[8.4, 8.6, 9.4, 9.6, 10.4, 10.6, 11.4, 11.6, 12.4, 12.6, 13.4, 13.6, 14.4, 14.6, 15.4, 15.6, 16.4, 16.6, 17.4, 17.6, 18.4, 19.6]
61.2	[9.0, 10.0, 11.0, 12.0, 13.0, 14.0, 15.0, 16.0, 17.0, 18.0]
61.36	[8.8, 9.2, 9.8, 10.2, 10.8, 11.2, 11.8, 12.2, 12.8, 13.2, 13.8, 14.2, 14.8, 15.2, 15.8, 16.2, 16.8, 17.2, 17.8, 18.2]
61.44	[8.4, 8.6, 9.4, 9.6, 10.4, 10.6, 11.4, 11.6, 12.4, 12.6, 13.4, 13.6, 14.4, 14.6, 15.4, 15.6, 16.4, 17.4, 17.6, 18.4, 18.6, 19.6]
61.6	[9.0, 11.0, 12.0, 13.0, 15.0, 16.0, 17.0]
61.76	[8.8, 9.2, 9.8, 10.2, 10.8, 11.2, 11.8, 12.2, 12.8, 13.2, 13.8, 14.2, 14.8, 15.2, 15.8, 16.2, 16.8, 17.2, 17.8]
61.84	[8.4, 8.6, 9.4, 9.6, 10.4, 10.6, 11.4, 11.6, 12.4, 12.6, 13.4, 13.6, 14.4, 14.6, 15.4, 15.6, 16.4, 16.6, 17.4, 17.6, 18.4, 18.6]
62.0	[9.0, 10.0, 11.0, 12.0, 13.0, 14.0, 15.0, 16.0]
62.16	[8.8, 9.2, 9.8, 10.2, 10.8, 11.2, 11.8, 12.2, 12.8, 13.2, 13.8, 14.2, 14.8, 15.2, 15.8, 16.2, 16.8, 18.2]
62.24	[8.6, 9.4, 9.6, 10.4, 10.6, 11.4, 12.6, 13.4, 13.6, 14.4, 14.6, 15.4, 16.6, 17.4, 18.4]
62.4	[9.0, 10.0, 11.0, 12.0, 13.0, 14.0, 15.0, 16.0, 17.0, 18.0]
62.56	[8.2, 8.8, 9.8, 10.2, 11.2, 11.8, 12.2, 13.8, 14.2, 15.2, 15.8, 16.2, 16.8, 17.8, 18.2, 19.8]
62.64	[8.4, 8.6, 9.4, 9.6, 10.4, 10.6, 11.4, 11.6, 12.4, 12.6, 13.4, 13.6, 14.4, 14.6, 15.4, 15.6, 16.4, 16.6, 17.4, 17.6, 18.4, 18.6]
62.8	[9.0, 10.0, 11.0, 12.0, 13.0, 14.0, 15.0, 16.0, 17.0, 18.0]
62.96	[8.2, 8.8, 9.2, 9.8, 10.2, 10.8, 11.2, 11.8, 12.2, 12.8, 13.2, 13.8, 14.2, 14.8, 15.2, 15.8, 16.2, 16.8, 17.2, 17.8, 18.8]
63.04	[8.4, 8.6, 9.4, 9.6, 10.4, 10.6, 11.4, 11.6, 12.4, 12.6, 13.4, 13.6, 14.4, 14.6, 15.4, 15.6, 16.4, 16.6, 17.4, 17.6, 18.6]
63.2	[9.0, 11.0, 12.0, 13.0, 15.0, 16.0, 17.0]
63.36	[8.2, 9.2, 9.8, 10.2, 10.8, 11.8, 12.2, 12.8, 13.2, 13.8, 14.2, 14.8, 15.8, 16.2, 17.2, 17.8, 18.8]
63.44	[8.4, 8.6, 9.4, 9.6, 10.4, 10.6, 11.4, 11.6, 12.4, 12.6, 13.4, 13.6, 14.4, 14.6, 15.4, 15.6, 16.4, 16.6, 17.4, 17.6]
63.6	[9.0, 10.0, 12.0, 13.0, 14.0, 15.0, 16.0]
63.76	[8.2, 8.8, 9.2, 9.8, 10.2, 10.8, 11.2, 11.8, 12.2, 12.8, 13.2, 13.8, 14.2, 14.8, 15.2, 15.8, 16.2, 16.8, 17.2, 17.8, 18.8]
63.84	[8.6, 9.4, 10.4, 10.6, 11.4, 12.6, 13.4, 13.6, 14.4, 14.6, 15.4, 16.6, 17.4, 17.6]
64.0	[8.0, 9.0, 10.0, 11.0, 12.0, 13.0, 14.0, 15.0, 17.0, 18.0, 20.0]
64.16	[8.2, 8.8, 9.8, 10.2, 11.2, 11.8, 12.2, 12.8, 13.8, 14.2, 15.2, 15.8, 16.2, 16.8, 17.8]
64.24	[8.4, 8.6, 9.4, 9.6, 10.4, 10.6, 11.4, 11.6, 12.4, 12.6, 13.4, 13.6, 14.4, 14.6, 15.4, 15.6, 16.4, 16.6, 17.6, 18.4, 18.6]
64.4	[8.0, 9.0, 10.0, 11.0, 12.0, 13.0, 14.0, 15.0, 16.0, 17.0, 19.0]
64.56	[8.2, 8.8, 9.2, 9.8, 10.2, 10.8, 11.2, 11.8, 12.2, 12.8, 13.2, 13.8, 14.2, 14.8, 15.2, 15.8, 16.2, 16.8, 18.2, 18.8]
64.64	[8.4, 8.6, 9.4, 9.6, 10.6, 11.4, 11.6, 12.4, 12.6, 13.4, 14.4, 14.6, 15.4, 15.6, 16.4, 16.6, 17.4, 17.6]
64.8	[8.0, 9.0, 11.0, 12.0, 13.0, 15.0, 16.0, 17.0, 19.0]
64.96	[8.2, 8.8, 9.2, 9.8, 10.2, 10.8, 11.2, 11.8, 12.2, 12.8, 13.2, 13.8, 14.2, 14.8, 15.2, 15.8, 16.2, 16.8, 17.2, 17.8]
65.04	[8.4, 8.6, 9.4, 9.6, 10.4, 10.6, 11.4, 11.6, 12.4, 12.6, 13.4, 13.6, 14.4, 14.6, 15.4, 15.6, 16.4, 16.6, 17.4, 17.6]
65.2	[8.0, 9.0, 10.0, 11.0, 12.0, 13.0, 14.0, 15.0, 16.0, 17.0, 18.0, 19.0]
65.36	[8.2, 8.8, 9.2, 9.8, 10.2, 10.8, 11.2, 11.8, 12.2, 12.8, 13.2, 13.8, 14.2, 14.8, 15.2, 15.8, 16.2, 16.8, 17.2, 17.8]
65.44	[8.6, 9.4, 9.6, 10.4, 10.6, 11.4, 12.6, 13.4, 13.6, 14.4, 14.6, 15.4, 16.6, 17.4]
65.6	[8.0, 9.0, 10.0, 11.0, 12.0, 13.0, 14.0, 15.0, 16.0, 17.0, 18.0]
65.76	[7.8, 8.2, 8.8, 9.8, 10.2, 11.8, 12.2, 12.8, 13.8, 14.2, 15.2, 15.8, 16.2, 16.8, 17.8, 19.2]
65.84	[8.4, 8.6, 9.4, 9.6, 10.4, 10.6, 11.4, 11.6, 12.4, 12.6, 13.4, 13.6, 14.4, 14.6, 15.4, 15.6, 16.4, 16.6, 17.6]
66.0	[8.0, 9.0, 10.0, 11.0, 12.0, 13.0, 14.0, 15.0, 16.0, 17.0, 18.0]
66.16	[7.8, 8.2, 8.8, 9.2, 9.8, 10.2, 10.8, 11.2, 11.8, 12.2, 12.8, 13.2, 13.8, 14.2, 14.8, 15.2, 15.8, 16.2, 16.8, 17.8, 18.8, 19.2]
66.24	[8.4, 8.6, 9.4, 9.6, 10.4, 10.6, 11.4, 11.6, 12.4, 12.6, 13.4, 13.6, 14.4, 14.6, 15.4, 15.6, 16.4, 16.6, 17.4, 17.6, 18.6]
66.4	[8.0, 9.0, 11.0, 12.0, 13.0, 15.0, 17.0, 19.0]
66.56	[7.8, 8.2, 8.8, 9.2, 9.8, 10.2, 10.8, 11.2, 11.8, 12.2, 12.8, 13.2, 13.8, 14.2, 14.8, 15.2, 15.8, 16.8, 17.2, 17.8, 18.2]
66.64	[8.4, 8.6, 9.6, 10.4, 10.6, 11.4, 11.6, 12.4, 12.6, 13.4, 13.6, 14.4, 14.6, 15.4, 15.6, 16.4, 16.6, 17.6, 18.4]
66.8	[8.0, 9.0, 10.0, 11.0, 12.0, 13.0, 14.0, 15.0, 16.0, 17.0, 18.0]
66.96	[7.8, 8.2, 8.8, 9.2, 9.8, 10.2, 10.8, 11.2, 11.8, 12.2, 12.8, 13.2, 13.8, 14.2, 14.8, 15.2, 15.8, 16.2, 16.8, 17.2, 18.2, 19.2]
67.04	[8.6, 9.4, 9.6, 10.4, 10.6, 11.4, 12.6, 13.4, 13.6, 14.6, 15.4, 16.6, 17.4]
67.2	[8.0, 9.0, 10.0, 11.0, 13.0, 14.0, 15.0, 16.0, 17.0, 18.0]
67.36	[7.8, 8.2, 8.8, 9.8, 10.2, 11.2, 11.8, 12.2, 12.8, 13.8, 14.2, 15.8, 16.2, 16.8, 17.8, 18.2]
67.44	[7.6, 8.4, 8.6, 9.4, 9.6, 10.4, 10.6, 11.4, 11.6, 12.4, 12.6, 13.4, 13.6, 14.4, 14.6, 15.4, 15.6, 16.4, 16.6, 17.6, 19.4]
67.6	[8.0, 9.0, 10.0, 11.0, 12.0, 13.0, 14.0, 15.0, 16.0, 17.0, 18.0]
67.76	[7.8, 8.2, 8.8, 9.2, 9.8, 10.8, 11.2, 11.8, 12.2, 12.8, 13.2, 13.8, 14.2, 14.8, 15.2, 15.8, 16.2, 16.8, 17.2]
67.84	[7.6, 8.4, 8.6, 9.4, 9.6, 10.4, 10.6, 11.4, 11.6, 12.4, 12.6, 13.4, 13.6, 14.4, 14.6, 15.4, 15.6, 16.4, 16.6, 17.4, 17.6, 18.4, 19.4]
68.0	[8.0, 9.0, 11.0, 12.0, 13.0, 15.0, 16.0, 17.0]
68.16	[7.8, 8.2, 8.8, 9.2, 9.8, 10.2, 10.8, 11.2, 11.8, 12.2, 12.8, 13.2, 13.8, 14.2, 14.8, 15.2, 15.8, 16.2, 16.8, 17.2, 18.2]
68.24	[7.6, 8.4, 8.6, 9.4, 9.6, 10.4, 10.6, 11.4, 11.6, 12.4, 12.6, 13.4, 13.6, 14.4, 14.6, 15.4, 15.6, 16.4, 16.6, 18.4]
68.4	[8.0, 9.0, 10.0, 11.0, 12.0, 13.0, 14.0, 15.0, 16.0, 17.0, 18.0]
68.56	[7.8, 8.2, 8.8, 9.2, 9.8, 10.2, 10.8, 11.2, 11.8, 12.2, 12.8, 13.2, 13.8, 14.2, 14.8, 15.2, 15.8, 16.2, 16.8, 17.2, 17.8, 18.2]
68.64	[8.6, 9.4, 9.6, 10.6, 11.4, 12.6, 13.4, 13.6, 14.4, 14.6, 15.4, 16.6]
68.8	[8.0, 9.0, 10.0, 11.0, 12.0, 13.0, 14.0, 15.0, 16.0, 17.0, 18.0]
68.96	[7.8, 8.2, 8.8, 9.8, 11.2, 11.8, 12.2, 13.8, 14.2, 15.2, 15.8, 16.2, 16.8, 17.8, 18.2]
69.04	[7.4, 7.6, 8.4, 8.6, 9.4, 9.6, 10.4, 10.6, 11.4, 11.6, 12.4, 12.6, 13.4, 13.6, 14.4, 14.6, 15.4, 15.6, 16.4, 16.6, 17.4, 17.6, 18.4, 19.6]
69.2	[8.0, 9.0, 10.0, 11.0, 12.0, 13.0, 14.0, 15.0, 16.0, 17.0]
69.36	[7.8, 8.2, 8.8, 9.2, 9.8, 10.2, 10.8, 11.2, 11.8, 12.2, 12.8, 13.2, 13.8, 14.2, 14.8, 15.2, 15.8, 16.2, 16.8, 17.2]
69.44	[7.4, 7.6, 8.4, 8.6, 9.4, 9.6, 10.4, 10.6, 11.6, 12.4, 12.6, 13.4, 13.6, 14.4, 14.6, 15.4, 15.6, 16.4, 16.6, 17.4, 17.6, 18.4, 18.6]
69.6	[9.0, 11.0, 12.0, 13.0, 15.0, 16.0, 17.0]
69.76	[7.8, 8.2, 9.2, 9.8, 10.2, 10.8, 11.2, 11.8, 12.2, 12.8, 13.2, 13.8, 14.2, 14.8, 15.8, 16.2, 17.2, 17.8]
69.84	[7.4, 7.6, 8.4, 8.6, 9.4, 9.6, 10.4, 10.6, 11.4, 11.6, 12.4, 12.6, 13.4, 13.6, 14.4, 14.6, 15.6, 16.4, 16.6, 17.4, 18.6]
70.0	[8.0, 9.0, 10.0, 11.0, 12.0, 13.0, 14.0, 15.0, 16.0, 17.0]
70.16	[7.8, 8.2, 8.8, 9.2, 9.8, 10.2, 10.8, 11.2, 11.8, 12.2, 12.8, 13.2, 13.8, 14.2, 14.8, 15.2, 15.8, 16.2, 16.8, 17.2]
70.24	[7.4, 8.6, 9.4, 10.4, 10.6, 11.4, 12.6, 13.4, 13.6, 14.4, 14.6, 15.4, 17.4, 17.6, 18.6]
70.4	[8.0, 10.0, 11.0, 12.0, 13.0, 14.0, 15.0, 16.0, 17.0]
70.56	[7.2, 7.8, 8.2, 8.8, 9.8, 10.2, 11.2, 11.8, 12.2, 12.8, 13.8, 14.2, 15.2, 15.8, 16.2, 16.8, 18.2, 19.8]
70.64	[7.4, 7.6, 8.4, 8.6, 9.4, 9.6, 10.4, 10.6, 11.4, 11.6, 12.4, 12.6, 13.4, 13.6, 14.4, 14.6, 15.4, 15.6, 16.4, 16.6, 17.4, 17.6, 18.4]
70.8	[8.0, 9.0, 10.0, 11.0, 12.0, 13.0, 14.0, 15.0, 16.0, 18.0]
70.96	[7.2, 7.8, 8.2, 8.8, 9.2, 9.8, 10.2, 10.8, 11.2, 11.8, 12.2, 12.8, 13.2, 13.8, 14.2, 14.8, 15.2, 15.8, 16.2, 16.8, 17.2, 18.8]
71.04	[7.4, 7.6, 8.4, 8.6, 9.4, 9.6, 10.6, 11.4, 11.6, 12.4, 12.6, 13.4, 14.6, 15.4, 15.6, 16.4, 16.6, 17.4, 18.6]
71.2	[8.0, 9.0, 11.0, 12.0, 13.0, 15.0, 16.0, 17.0]
71.36	[7.2, 7.8, 8.2, 8.8, 9.2, 9.8, 10.2, 10.8, 11.2, 11.8, 12.2, 12.8, 13.2, 13.8, 14.2, 14.8, 15.2, 15.8, 16.2, 17.2, 17.8, 18.8]
71.44	[7.4, 7.6, 8.4, 8.6, 9.4, 9.6, 10.4, 10.6, 11.4, 11.6, 12.4, 12.6, 13.4, 13.6, 14.4, 14.6, 15.4, 15.6, 16.4, 17.4, 17.6]
71.6	[8.0, 9.0, 10.0, 11.0, 12.0, 13.0, 14.0, 15.0, 16.0, 17.0]
71.76	[7.2, 7.8, 8.2, 8.8, 9.2, 9.8, 10.8, 11.2, 11.8, 12.2, 12.8, 13.2, 13.8, 14.2, 14.8, 15.2, 15.8, 16.2, 16.8, 17.2, 17.8, 18.8]
71.84	[7.4, 8.6, 9.4, 9.6, 10.6, 11.4, 12.6, 13.4, 13.6, 14.4, 14.6, 15.4, 16.6, 17.6]
72.0	[8.0, 9.0, 10.0, 11.0, 12.0, 13.0, 14.0, 15.0, 16.0]
72.16	[7.2, 7.8, 8.2, 8.8, 9.8, 10.2, 11.8, 12.2, 12.8, 13.8, 14.2, 15.2, 15.8, 16.2, 16.8, 17.8]
72.24	[7.4, 7.6, 8.4, 8.6, 9.4, 9.6, 10.4, 10.6, 11.4, 11.6, 12.4, 12.6, 13.4, 13.6, 14.4, 14.6, 15.4, 15.6, 16.4, 16.6, 17.4, 17.6]
72.4	[7.0, 8.0, 9.0, 10.0, 11.0, 12.0, 13.0, 14.0, 15.0, 16.0, 17.0, 19.0]
72.56	[7.2, 7.8, 8.8, 9.2, 9.8, 10.2, 10.8, 11.2, 11.8, 12.2, 12.8, 13.2, 13.8, 14.2, 14.8, 15.2, 15.8, 16.2, 17.2, 17.8]
72.64	[7.4, 7.6, 8.4, 9.4, 9.6, 10.4, 10.6, 11.4, 11.6, 12.4, 12.6, 13.4, 13.6, 14.4, 14.6, 15.4, 15.6, 16.4, 16.6, 17.4, 18.4, 18.6]
72.8	[7.0, 8.0, 9.0, 11.0, 12.0, 13.0, 15.0, 17.0, 19.0]
72.96	[7.2, 7.8, 8.2, 8.8, 9.2, 9.8, 10.2, 10.8, 11.2, 11.8, 12.2, 12.8, 13.2, 13.8, 14.2, 14.8, 15.2, 15.8, 16.2, 16.8, 17.2, 18.2, 18.8]
73.04	[7.4, 7.6, 8.4, 8.6, 9.4, 9.6, 10.4, 10.6, 11.4, 11.6, 12.4, 12.6, 13.4, 13.6, 14.4, 14.6, 15.4, 15.6, 16.4, 16.6, 17.4, 17.6]
73.2	[7.0, 8.0, 9.0, 10.0, 11.0, 12.0, 13.0, 14.0, 15.0, 16.0, 17.0, 18.0]
73.36	[7.2, 7.8, 8.2, 8.8, 9.2, 9.8, 10.2, 10.8, 11.2, 11.8, 12.2, 12.8, 13.2, 13.8, 14.2, 14.8, 15.2, 16.2, 16.8, 17.2, 17.8]
73.44	[7.4, 8.6, 9.6, 10.4, 10.6, 11.4, 12.6, 13.4, 13.6, 14.6, 15.4, 16.6, 17.4]
73.6	[7.0, 8.0, 9.0, 10.0, 11.0, 13.0, 14.0, 15.0, 16.0, 17.0, 18.0, 19.0]
73.76	[7.2, 8.2, 9.8, 10.2, 11.2, 11.8, 12.2, 12.8, 13.8, 14.2, 15.2, 15.8, 17.8]
73.84	[7.4, 7.6, 8.4, 8.6, 9.4, 9.6, 10.4, 10.6, 11.4, 11.6, 12.4, 12.6, 13.4, 13.6, 14.4, 14.6, 15.4, 15.6, 16.4, 16.6, 17.4, 17.6]
74.0	[7.0, 8.0, 9.0, 10.0, 11.0, 12.0, 13.0, 14.0, 15.0, 16.0, 17.0, 18.0]
74.16	[6.8, 7.2, 7.8, 8.2, 8.8, 9.2, 9.8, 10.2, 10.8, 11.2, 11.8, 12.2, 12.8, 13.2, 13.8, 14.2, 14.8, 15.2, 15.8, 16.2, 16.8, 17.2, 17.8, 19.2]
74.24	[7.4, 7.6, 8.4, 8.6, 9.4, 10.4, 11.4, 11.6, 12.4, 12.6, 13.4, 13.6, 14.4, 14.6, 15.4, 15.6, 16.4, 16.6]
74.4	[7.0, 9.0, 11.0, 12.0, 13.0, 15.0, 17.0]
74.56	[6.8, 7.2, 7.8, 8.2, 8.8, 9.2, 9.8, 10.2, 10.8, 11.2, 11.8, 12.2, 12.8, 13.2, 13.8, 14.2, 15.2, 15.8, 16.2, 16.8, 17.8, 18.2, 19.2]
74.64	[7.6, 8.4, 9.6, 10.4, 11.4, 11.6, 12.4, 12.6, 13.4, 13.6, 14.4, 14.6, 15.4, 15.6, 16.4]
74.8	[7.0, 8.0, 9.0, 10.0, 11.0, 12.0, 13.0, 14.0, 15.0, 16.0, 17.0, 18.0]
74.96	[6.8, 7.2, 8.2, 8.8, 9.2, 9.8, 10.2, 10.8, 11.2, 11.8, 12.2, 12.8, 13.2, 13.8, 14.2, 14.8, 15.2, 15.8, 16.8, 17.2, 17.8, 18.2]
75.04	[7.4, 8.6, 9.4, 9.6, 10.4, 10.6, 11.4, 12.6, 13.4, 14.4, 14.6, 15.4, 16.6, 17.6]
75.2	[7.0, 8.0, 10.0, 11.0, 12.0, 13.0, 14.0, 15.0, 16.0, 17.0, 18.0]
75.36	[7.2, 8.2, 8.8, 9.8, 10.2, 11.2, 11.8, 12.2, 13.8, 14.2, 15.8, 16.2, 17.8]
75.44	[7.4, 7.6, 8.6, 9.4, 9.6, 10.4, 10.6, 11.4, 11.6, 12.4, 12.6, 13.4, 13.6, 14.4, 14.6, 15.4, 15.6, 16.4, 16.6, 17.4, 17.6]
75.6	[7.0, 9.0, 10.0, 12.0, 13.0, 14.0, 15.0, 16.0, 18.0]
75.76	[6.8, 7.2, 7.8, 8.2, 8.8, 9.2, 9.8, 10.2, 10.8, 11.2, 11.8, 12.2, 12.8, 13.2, 13.8, 14.2, 14.8, 15.2, 15.8, 16.2, 16.8, 17.2, 18.2]
75.84	[6.6, 7.4, 7.6, 8.4, 8.6, 9.4, 9.6, 10.4, 10.6, 11.4, 11.6, 12.4, 12.6, 13.4, 13.6, 14.4, 14.6, 15.4, 15.6, 16.4, 16.6, 17.4, 17.6, 19.4]
76.0	[7.0, 9.0, 11.0, 12.0, 13.0, 15.0, 17.0]
76.16	[6.8, 7.8, 8.2, 9.2, 9.8, 10.2, 11.2, 11.8, 12.2, 12.8, 13.2, 13.8, 14.2, 14.8, 15.8, 16.2, 17.2, 18.2]
76.24	[6.6, 7.6, 8.4, 9.4, 9.6, 10.4, 10.6, 11.4, 11.6, 12.4, 12.6, 13.4, 13.6, 14.4, 14.6, 15.4, 15.6, 16.4, 16.6, 18.4]
76.4	[7.0, 8.0, 10.0, 11.0, 12.0, 13.0, 14.0, 15.0, 16.0, 17.0]
76.56	[6.8, 7.2, 7.8, 8.8, 9.2, 10.2, 10.8, 11.2, 11.8, 12.2, 12.8, 13.2, 13.8, 14.2, 14.8, 15.2, 15.8, 16.2, 16.8, 17.2]
76.64	[6.6, 7.4, 9.4, 10.4, 10.6, 11.4, 12.6, 13.4, 13.6, 14.6, 15.4, 16.6, 18.4]
76.8	[7.0, 8.0, 9.0, 10.0, 11.0, 12.0, 13.0, 14.0, 15.0, 16.0, 17.0]
76.96	[7.8, 8.2, 8.8, 9.8, 10.2, 11.2, 12.2, 12.8, 13.8, 14.2, 15.2, 15.8, 16.2]
77.04	[6.6, 7.6, 8.4, 9.4, 9.6, 10.4, 10.6, 11.4, 11.6, 12.4, 12.6, 13.4, 13.6, 14.4, 14.6, 15.4, 15.6, 16.4, 16.6, 17.4, 18.4]
77.2	[7.0, 8.0, 9.0, 10.0, 11.0, 12.0, 13.0, 14.0, 15.0, 16.0, 17.0, 18.0]
77.36	[6.8, 7.2, 8.2, 8.8, 9.2, 9.8, 10.2, 10.8, 11.2, 11.8, 12.2, 12.8, 13.2, 13.8, 14.2, 14.8, 15.2, 15.8, 16.2, 17.2, 17.8, 18.2]
77.44	[6.4, 6.6, 7.4, 7.6, 8.4, 8.6, 10.6, 11.4, 11.6, 12.4, 12.6, 13.4, 14.4, 14.6, 15.4, 15.6, 16.4, 16.6, 17.4, 19.6]
77.6	[7.0, 8.0, 9.0, 11.0, 13.0, 15.0, 16.0, 17.0]
77.76	[6.8, 7.2, 7.8, 8.2, 8.8, 9.2, 9.8, 10.2, 10.8, 11.2, 11.8, 12.2, 12.8, 13.2, 13.8, 14.2, 14.8, 15.2, 15.8, 16.2, 16.8, 17.2]
77.84	[6.4, 6.6, 7.4, 8.6, 9.4, 10.4, 10.6, 11.4, 11.6, 12.4, 13.4, 13.6, 14.4, 14.6, 15.6, 16.4, 17.6, 18.4, 18.6]
78.0	[7.0, 8.0, 9.0, 10.0, 11.0, 12.0, 13.0, 14.0, 15.0, 16.0, 17.0]
78.16	[6.8, 7.2, 8.8, 10.2, 10.8, 11.2, 11.8, 12.2, 12.8, 13.2, 13.8, 14.2, 14.8, 15.2, 15.8, 16.8, 17.2]
78.24	[6.4, 6.6, 7.4, 8.6, 9.4, 9.6, 10.6, 11.4, 12.6, 13.4, 13.6, 14.4, 14.6, 15.4, 16.6, 17.4, 18.6]
78.4	[7.0, 8.0, 9.0, 10.0, 11.0, 12.0, 13.0, 15.0, 16.0, 17.0]
78.56	[8.2, 9.8, 11.8, 12.2, 12.8, 13.8, 14.2, 15.2, 15.8, 16.8]
78.64	[6.4, 6.6, 7.4, 7.6, 8.4, 8.6, 9.4, 9.6, 10.4, 10.6, 11.4, 11.6, 12.4, 12.6, 13.4, 13.6, 14.4, 14.6, 15.4, 15.6, 16.4, 16.6, 17.4, 17.6, 18.6]
78.8	[8.0, 9.0, 10.0, 11.0, 12.0, 13.0, 14.0, 15.0, 16.0]
78.96	[6.8, 8.2, 8.8, 9.2, 10.2, 10.8, 11.2, 11.8, 12.8, 13.2, 13.8, 14.2, 14.8, 15.2, 15.8, 16.2, 16.8, 17.2]
79.04	[6.4, 7.6, 8.6, 9.4, 9.6, 10.4, 10.6, 11.4, 11.6, 12.4, 12.6, 13.4, 13.6, 14.6, 15.4, 15.6, 16.4, 17.6]
79.2	[7.0, 9.0, 11.0, 12.0, 13.0, 15.0, 17.0]
79.36	[6.2, 6.8, 7.2, 7.8, 8.2, 8.8, 9.2, 9.8, 10.2, 10.8, 11.2, 11.8, 12.2, 13.2, 13.8, 14.2, 14.8, 15.2, 15.8, 16.2, 16.8, 17.2, 18.2, 18.8]
79.44	[6.4, 6.6, 7.6, 9.4, 9.6, 10.4, 10.6, 11.4, 11.6, 12.4, 12.6, 13.6, 14.4, 14.6, 15.4, 15.6, 16.4, 17.6, 18.4]
79.6	[7.0, 10.0, 11.0, 12.0, 13.0, 14.0, 15.0, 16.0, 18.0]
79.76	[6.2, 6.8, 7.8, 8.8, 9.2, 10.2, 10.8, 11.2, 11.8, 12.2, 12.8, 13.2, 13.8, 14.2, 14.8, 15.2, 15.8, 16.2, 17.2, 18.8]
79.84	[6.4, 6.6, 7.4, 8.6, 9.4, 10.6, 11.4, 12.6, 13.4, 13.6, 14.6, 15.4, 16.6, 17.4, 18.6]
80.0	[7.0, 10.0, 11.0, 13.0, 14.0, 15.0, 17.0]
80.16	[6.2, 7.2, 7.8, 8.2, 11.2, 11.8, 12.2, 12.8, 13.8, 14.2, 15.8, 16.2, 17.8]
80.24	[6.4, 8.4, 8.6, 9.6, 10.4, 11.4, 11.6, 12.4, 12.6, 13.4, 13.6, 14.6, 15.4, 16.4, 16.6, 17.6]
80.4	[8.0, 10.0, 12.0, 13.0, 14.0, 16.0]
80.56	[6.2, 6.8, 7.2, 7.8, 8.8, 9.2, 9.8, 10.2, 10.8, 11.2, 11.8, 12.2, 12.8, 13.2, 13.8, 14.2, 14.8, 15.2, 15.8, 16.2, 16.8, 17.2, 17.8, 18.8]
80.64	[6.4, 6.6, 7.6, 8.4, 9.4, 9.6, 10.4, 10.6, 11.4, 11.6, 12.4, 12.6, 13.4, 13.6, 14.4, 14.6, 15.4, 15.6, 16.4, 16.6, 17.4, 17.6]
80.8	[7.0, 9.0, 11.0, 12.0, 13.0, 15.0, 16.0, 17.0]
80.96	[6.2, 8.8, 9.2, 9.8, 10.8, 11.2, 11.8, 12.2, 12.8, 13.2, 13.8, 14.2, 14.8, 15.2, 15.8, 17.8]
81.04	[6.4, 7.4, 8.4, 9.6, 10.4, 10.6, 11.6, 12.4, 12.6, 13.4, 13.6, 14.4, 14.6, 15.4, 15.6, 17.6]
81.2	[6.0, 8.0, 10.0, 11.0, 12.0, 13.0, 14.0, 15.0, 16.0, 17.0, 19.0]
81.36	[7.2, 8.8, 9.2, 9.8, 10.2, 10.8, 11.2, 11.8, 12.2, 12.8, 13.2, 13.8, 14.2, 14.8, 15.2, 16.2, 16.8]
81.44	[7.4, 9.4, 10.4, 10.6, 11.4, 12.6, 13.4, 13.6, 14.4, 14.6, 15.4, 16.6]
81.6	[6.0, 8.0, 9.0, 11.0, 12.0, 13.0, 14.0, 15.0, 16.0, 17.0, 18.0, 19.0]
81.76	[6.2, 7.8, 8.2, 9.8, 10.2, 11.2, 11.8, 12.2, 13.8, 14.2, 15.8, 16.2, 17.8]
81.84	[6.4, 6.6, 8.4, 9.4, 9.6, 10.4, 10.6, 11.4, 11.6, 12.4, 12.6, 13.4, 13.6, 14.4, 14.6, 15.4, 15.6, 16.4, 17.4, 17.6]
82.0	[6.0, 8.0, 9.0, 10.0, 12.0, 13.0, 14.0, 15.0, 16.0, 18.0]
82.16	[6.2, 6.8, 8.8, 9.8, 10.2, 10.8, 11.2, 11.8, 12.2, 12.8, 13.2, 13.8, 14.2, 14.8, 15.2, 17.2, 17.8]
82.24	[6.4, 6.6, 7.4, 7.6, 8.6, 9.4, 9.6, 10.4, 10.6, 11.4, 11.6, 12.4, 12.6, 13.4, 13.6, 14.4, 14.6, 15.4, 15.6, 16.4, 16.6, 17.4, 17.6]
82.4	[11.0, 13.0, 15.0, 16.0]
82.56	[6.2, 6.8, 9.2, 9.8, 10.2, 10.8, 12.8, 13.2, 13.8, 14.2, 14.8, 15.8, 17.2, 17.8]
82.64	[7.6, 8.6, 10.4, 10.6, 11.4, 11.6, 12.4, 12.6, 13.4, 13.6, 14.4, 14.6, 15.4, 15.6, 16.4]
82.8	[6.0, 7.0, 9.0, 10.0, 11.0, 12.0, 13.0, 14.0, 15.0, 16.0, 17.0, 18.0]
82.96	[5.8, 8.2, 9.2, 9.8, 10.2, 10.8, 11.2, 11.8, 12.2, 12.8, 13.2, 13.8, 14.2, 14.8, 15.2, 16.8, 19.2]
83.04	[8.6, 9.4, 10.6, 11.4, 12.6, 13.4, 14.6, 15.4, 16.6]
83.2	[6.0, 7.0, 8.0, 9.0, 10.0, 11.0, 12.0, 13.0, 14.0, 15.0, 16.0, 17.0, 18.0]
83.36	[5.8, 8.2, 9.8, 11.8, 12.2, 12.8, 13.8, 14.2, 15.8, 18.2]
83.44	[7.6, 8.4, 9.4, 10.4, 10.6, 11.4, 11.6, 12.4, 12.6, 13.4, 13.6, 14.4, 14.6, 15.6, 16.4]
83.6	[10.0, 11.0, 12.0, 13.0, 14.0]
83.76	[5.8, 7.2, 7.8, 8.2, 9.8, 10.8, 11.2, 11.8, 12.2, 12.8, 13.2, 13.8, 14.2, 15.8, 16.2, 16.8, 17.2, 18.2]
83.84	[8.6, 9.4, 10.6, 11.6, 12.4, 13.4, 14.6, 15.4]
84.0	[11.0, 13.0, 15.0]
84.16	[5.8, 6.2, 7.2, 7.8, 8.8, 9.2, 9.8, 10.2, 10.8, 11.2, 11.8, 12.2, 12.8, 13.2, 13.8, 14.2, 14.8, 15.2, 16.2, 16.8, 17.8, 18.2]
84.24	[6.4, 9.6, 10.6, 11.4, 11.6, 12.4, 12.6, 13.4, 13.6, 14.4, 14.6, 15.6, 16.4, 17.6]
84.4	[6.0, 9.0, 10.0, 11.0, 12.0, 13.0, 14.0, 15.0, 16.0, 18.0]
84.56	[8.8, 9.2, 9.8, 10.8, 11.2, 11.8, 12.2, 12.8, 13.2, 13.8, 14.2, 15.2, 15.8, 16.2]
84.64	[5.6, 6.6, 9.4, 9.6, 10.4, 10.6, 11.4, 12.6, 13.4, 13.6, 14.6, 15.4, 16.6, 17.4, 19.4]
84.8	[10.0, 11.0, 12.0, 13.0, 14.0, 16.0]
84.96	[5.8, 7.8, 8.2, 8.8, 9.8, 10.2, 11.8, 12.2, 12.8, 13.8, 14.2, 15.2, 15.8, 16.2, 18.2]
85.04	[5.6, 7.4, 8.4, 9.6, 10.4, 10.6, 11.6, 12.4, 12.6, 13.4, 13.6, 14.6, 15.4, 15.6, 16.6, 18.4]
85.2	[10.0, 12.0, 13.0, 14.0, 15.0]
85.36	[6.8, 8.8, 9.2, 10.2, 10.8, 11.8, 12.2, 12.8, 13.2, 13.8, 14.2, 14.8, 15.2, 15.8, 16.2, 17.2]
85.44	[5.6, 7.4, 8.4, 8.6, 9.4, 10.4, 10.6, 11.6, 12.4, 12.6, 13.4, 13.6, 14.6, 15.4, 15.6, 16.6, 18.4]
85.6	[8.0, 11.0, 12.0, 13.0, 15.0, 17.0]
85.76	[9.2, 10.8, 11.2, 11.8, 12.2, 12.8, 13.2, 13.8, 14.2, 14.8, 15.2, 15.8]
85.84	[5.6, 8.4, 9.6, 10.4, 10.6, 11.4, 11.6, 12.4, 12.6, 13.4, 13.6, 14.4, 14.6, 15.6, 18.4]
86.0	[8.0, 10.0, 11.0, 12.0, 13.0, 14.0, 15.0, 16.0]
86.16	[8.8, 10.2, 10.8, 11.2, 11.8, 12.2, 12.8, 13.2, 14.2, 14.8, 15.2, 15.8]
86.24	[9.6, 10.4, 11.4, 12.6, 13.4, 13.6, 14.6, 15.4]
86.4	[6.0, 7.0, 9.0, 10.0, 11.0, 13.0, 14.0, 15.0, 17.0, 18.0]
86.56	[5.8, 6.2, 9.8, 10.2, 11.2, 11.8, 12.2, 12.8, 13.8, 14.2, 15.8, 17.8, 18.2]
86.64	[5.4, 7.6, 9.6, 10.6, 11.4, 11.6, 12.4, 12.6, 13.4, 13.6, 14.4, 16.4, 18.6]
86.8	[8.0, 10.0, 11.0, 12.0, 14.0, 16.0]
86.96	[9.2, 9.8, 10.8, 11.2, 12.2, 12.8, 13.2, 13.8, 14.2, 14.8]
87.04	[5.4, 5.6, 6.4, 7.6, 8.4, 9.4, 9.6, 10.4, 10.6, 11.4, 11.6, 12.4, 12.6, 13.4, 13.6, 14.4, 14.6, 15.4, 15.6, 16.4, 16.6, 17.6, 18.4, 18.6]
87.2	[9.0, 11.0, 12.0, 13.0, 16.0]
87.36	[9.8, 10.8, 11.8, 12.2, 12.8, 13.2, 13.8, 14.2, 15.2, 16.2]
87.44	[8.6, 9.4, 10.4, 11.6, 12.4, 12.6, 13.6, 14.6, 15.4, 15.6, 16.4]
87.6	[9.0, 10.0, 12.0, 13.0, 15.0, 16.0]
87.76	[7.2, 8.2, 8.8, 9.8, 10.2, 10.8, 11.2, 11.8, 12.2, 12.8, 13.2, 13.8, 14.2, 14.8, 15.2, 15.8, 16.8]
87.84	[5.4, 6.6, 8.6, 9.4, 10.6, 11.4, 12.6, 13.4, 14.4, 14.6, 15.4, 17.4, 18.6]
88.0	[9.0, 10.0, 11.0, 12.0, 13.0, 14.0, 15.0]
88.16	[8.2, 9.8, 10.2, 11.2, 11.8, 12.2, 13.8, 14.2, 15.2, 15.8]
88.24	[8.6, 9.4, 9.6, 10.4, 10.6, 11.4, 11.6, 12.4, 12.6, 13.4, 13.6, 14.4, 14.6, 15.4, 15.6, 16.4]
88.4	[12.0, 13.0, 16.0]
88.56	[5.2, 7.8, 10.2, 10.8, 11.2, 12.2, 12.8, 13.2, 13.8, 14.8, 16.2, 18.8]
88.64	[9.4, 10.6, 11.6, 12.4, 12.6, 13.4, 13.6, 14.4, 14.6, 15.4]
88.8	[9.0, 11.0, 12.0, 13.0, 15.0]
88.96	[5.2, 6.8, 7.8, 8.2, 9.2, 9.8, 10.2, 10.8, 11.8, 12.2, 12.8, 13.2, 13.8, 14.2, 14.8, 15.8, 16.2, 17.2, 18.8]
89.04	[10.4, 12.4, 12.6, 13.4, 13.6]
89.2	[10.0, 11.0, 12.0, 13.0, 14.0, 15.0, 16.0]
89.36	[9.8, 10.2, 10.8, 11.2, 11.8, 12.2, 12.8, 13.2, 14.2, 14.8, 15.2]
89.44	[7.4, 8.6, 10.4, 10.6, 11.4, 12.6, 13.4, 14.4, 14.6, 15.4, 16.6]
89.6	[11.0, 12.0, 13.0, 14.0, 15.0]
89.76	[9.8, 10.2, 11.2, 11.8, 12.2, 13.8, 14.2]
89.84	[9.4, 10.4, 10.6, 11.4, 11.6, 12.4, 12.6, 13.4, 13.6, 14.4, 14.6, 15.6]
90.0	[10.0, 11.0, 12.0, 13.0, 14.0, 15.0]
90.16	[8.8, 9.2, 10.2, 10.8, 11.2, 11.8, 12.2, 12.8, 13.2, 13.8, 14.2, 15.8, 16.2]
90.24	[8.4, 9.6, 11.4, 11.6, 12.4, 12.6, 13.4, 15.6, 16.4, 16.6]
90.4	[5.0, 7.0, 9.0, 11.0, 12.0, 13.0, 15.0, 17.0, 19.0]
90.56	[8.8, 9.2, 11.2, 11.8, 12.2, 12.8, 13.2, 14.2, 15.2, 15.8]
90.64	[8.4, 9.6, 11.4, 11.6, 12.4, 12.6, 13.4, 13.6, 14.4, 14.6, 15.4, 15.6]
90.8	[8.0, 10.0, 11.0, 12.0, 13.0, 14.0, 16.0]
90.96	[8.8, 9.2, 10.2, 10.8, 11.2, 11.8, 12.2, 12.8, 13.2, 13.8, 14.8, 15.2]
91.04	[10.6, 11.4, 13.4, 14.4, 14.6]
91.2	[8.0, 10.0, 11.0, 12.0, 13.0, 15.0, 16.0]
91.36	[9.8, 10.2, 11.8, 13.8, 14.2, 16.2]
91.44	[7.6, 8.4, 9.6, 10.4, 10.6, 11.4, 12.4, 12.6, 13.4, 14.4, 14.6, 15.4, 15.6, 16.4]
91.6	[10.0, 11.0, 12.0, 13.0, 14.0, 15.0]
91.76	[9.2, 10.8, 11.2, 11.8, 12.2, 12.8, 13.8, 14.2, 14.8, 15.2]
91.84	[9.4, 9.6, 10.4, 10.6, 11.4, 11.6, 12.4, 12.6, 13.4, 13.6, 14.4, 14.6, 15.6]
92.0	[12.0, 13.0]
92.16	[4.8, 7.2, 8.8, 10.2, 10.8, 11.2, 11.8, 12.2, 12.8, 13.2, 13.8, 15.2, 16.2, 16.8, 19.2]
92.24	[10.4, 11.4, 11.6, 12.4, 13.4, 13.6, 14.6]
92.4	[10.0, 11.0, 12.0, 13.0, 14.0]
92.56	[10.8, 11.2, 11.8, 12.8, 13.2, 14.2, 15.2]
92.64	[11.4, 12.6, 13.4, 13.6]
92.8	[10.0, 11.0, 13.0, 14.0, 15.0]
92.96	[11.8, 12.2, 12.8, 14.2, 15.8]
93.04	[8.6, 9.6, 10.4, 10.6, 12.4, 12.6, 13.6, 14.4, 14.6, 16.4]
93.2	[9.0, 10.0, 11.0, 12.0, 13.0, 14.0, 16.0]
93.36	[8.2, 9.2, 10.2, 10.8, 11.2, 11.8, 12.2, 12.8, 13.2, 13.8, 14.2, 14.8, 15.2, 15.8]
93.44	[8.6, 9.4, 10.4, 10.6, 11.4, 11.6, 12.4, 12.6, 13.4, 13.6, 14.6, 15.4, 15.6]
93.6	[9.0, 12.0, 13.0, 15.0]
93.76	[7.8, 8.2, 9.8, 10.8, 11.2, 11.8, 12.2, 12.8, 13.2, 13.8, 14.2, 14.8, 15.8, 16.2]
93.84	[9.4, 10.4, 11.4, 11.6, 12.4, 12.6, 13.6, 15.6]
94.0	[9.0, 11.0, 12.0, 13.0, 15.0]
94.16	[9.8, 11.2, 11.8, 12.2, 12.8, 13.2, 14.2, 14.8, 15.2]
94.24	[7.4, 8.6, 9.4, 11.4, 12.6, 13.4, 14.6, 15.4, 16.6]
94.4	[11.0, 13.0]
94.56	[10.2, 11.2, 11.8, 12.2, 13.8, 15.8]
94.64	[10.4, 11.6, 12.4, 12.6, 13.4, 14.6, 15.4]
94.8	[10.0, 12.0, 14.0]
94.96	[9.8, 10.2, 10.8, 11.2, 11.8, 12.2, 12.8, 13.2, 13.8, 14.2, 14.8, 15.2]
95.04	[9.4, 9.6, 10.4, 10.6, 11.4, 11.6, 12.4, 12.6, 13.4, 13.6, 14.4, 14.6, 15.4]
95.2	[9.0, 11.0, 12.0, 13.0, 15.0]
95.36	[9.8, 10.2, 11.2, 11.8, 12.2, 13.8, 14.2, 14.8]
95.44	[10.4, 10.6, 11.6, 12.4, 13.6, 14.4, 15.4]
95.6	[11.0, 14.0]
95.76	[10.8, 11.2, 12.8, 13.2, 13.8]
95.84	[10.6, 11.4, 13.4, 13.6, 15.4]
96.0	[11.0, 12.0, 13.0, 16.0]
96.16	[8.8, 10.2, 11.8, 12.2, 12.8, 13.8, 14.2, 16.2]
96.24	[8.4, 10.6, 11.6, 12.4, 12.6, 14.4, 15.6]
96.4	[8.0, 11.0, 12.0, 15.0, 16.0]
96.56	[8.8, 9.2, 9.8, 10.2, 11.2, 11.8, 12.2, 12.8, 13.2, 14.2, 14.8, 15.2, 15.8]
96.64	[7.6, 8.4, 9.4, 11.4, 11.6, 12.4, 12.6, 13.4, 14.6, 15.6, 16.4]
96.8	[11.0, 13.0, 15.0]
96.96	[9.2, 10.2, 10.8, 11.2, 12.2, 12.8, 13.2, 13.8, 14.2, 14.8]
97.04	[9.6, 10.4, 10.6, 11.6, 12.4, 12.6, 13.4, 13.6, 14.4, 15.4]
97.2	[10.0, 12.0, 13.0, 14.0, 15.0]
97.36	[8.8, 9.2, 10.8, 11.2, 11.8, 12.2, 12.8, 13.2, 13.8, 14.8, 15.2]
97.44	[9.6, 10.6, 12.6, 13.4, 15.4]
97.6	[10.0, 11.0, 12.0, 14.0, 15.0, 16.0]
97.76	[11.8, 12.2, 12.8]
97.84	[9.6, 10.6, 11.4, 11.6, 12.4, 12.6, 13.4, 14.4, 15.6]
98.0	[10.0, 11.0, 12.0, 13.0, 14.0, 15.0]
98.16	[11.2, 11.8, 12.2, 12.8]
98.24	[11.4, 11.6, 12.4, 13.4, 13.6, 14.6]
98.4	[11.0, 13.0]
98.56	[9.2, 9.8, 10.2, 10.8, 11.2, 11.8, 12.2, 12.8, 13.2, 13.8, 14.2, 14.8]
98.64	[9.6, 10.4, 10.6, 11.4, 11.6, 12.4, 12.6, 13.6, 14.4, 14.6, 15.6]
98.8	[10.0, 11.0, 12.0, 13.0, 14.0, 15.0]
98.96	[11.8, 13.2]
99.04	[10.4, 10.6, 11.4, 12.6, 13.4, 14.6]
99.2	[10.0, 11.0, 13.0, 14.0]
99.36	[7.8, 8.2, 11.8, 12.2, 13.8, 15.2, 15.8, 16.2]
99.44	[8.6, 10.4, 11.4, 11.6, 12.4, 13.6, 14.6, 15.4]
99.6	[9.0, 12.0, 13.0, 16.0]
99.76	[10.8, 11.2, 11.8, 12.2, 12.8, 13.2, 13.8, 15.2]
99.84	[8.6, 10.4, 11.4, 11.6, 12.4, 13.6, 14.6, 15.4]
100.0	[9.0, 11.0, 13.0, 15.0]
100.16	[10.8, 11.2, 11.8, 12.8, 14.2, 15.2]
100.24	[9.4, 9.6, 10.4, 11.4, 11.6, 13.4, 13.6, 14.4, 15.6]
100.4	[10.0, 14.0]
100.56	[10.8, 14.2]
100.64	[9.4, 10.4, 14.6]
100.8	[9.0, 12.0, 14.0, 15.0]
100.96	[9.8, 10.2, 11.2, 11.8, 12.2, 13.8, 14.2, 15.2, 15.8]
101.04	[9.4, 10.4, 10.6, 11.4, 11.6, 12.4, 12.6, 13.4, 13.6, 14.6]
101.2	[11.0, 12.0, 13.0, 14.0]
101.36	[9.8, 10.8, 11.2, 11.8, 12.2, 12.8, 13.2, 14.2, 14.8, 15.2]
101.44	[11.4, 12.4, 12.6]
101.6	[11.0, 12.0, 13.0]
101.76	[9.8, 10.2, 10.8, 11.8, 12.2, 13.2, 14.2, 15.8]
101.84	[11.4, 11.6, 12.4, 12.6, 13.6]
102.0	[12.0]
102.16	[10.2, 10.8, 11.2, 11.8, 12.8, 13.2, 13.8, 14.8]
102.24	[9.4, 11.4, 12.6, 14.6]
102.4	[8.0, 10.0, 11.0, 12.0, 13.0, 14.0, 16.0]
102.56	[9.8, 11.2, 11.8, 12.2, 12.8, 13.8, 14.2]
102.64	[8.4, 10.4, 11.4, 11.6, 12.4, 12.6, 13.6, 15.4, 15.6]
102.96	[8.8, 10.2, 10.8, 11.2, 11.8, 12.8, 13.2, 13.8, 14.2, 14.8, 15.2]
103.04	[10.6, 11.6, 13.4, 14.4, 15.4]
103.36	[8.8, 9.2, 10.2, 10.8, 11.8, 12.2, 13.2, 13.8, 15.2, 15.8]
103.44	[10.6, 11.6, 12.4, 14.4]
103.6	[12.0, 13.0]
103.76	[9.2, 11.2, 12.8, 13.8, 14.8]
103.84	[10.6, 13.4, 14.4]
104.0	[11.0, 13.0]
104.16	[9.8, 11.8, 12.2, 14.2]
104.24	[9.6, 11.4, 11.6, 13.4, 13.6, 15.4]
104.4	[11.0, 12.0, 15.0]
104.56	[9.2, 10.2, 11.2, 12.8, 13.8, 14.8]
104.64	[9.6, 10.6, 11.4, 11.6, 12.6, 13.4, 14.4]
104.8	[11.0, 15.0]
104.96	[11.8, 13.2]
105.04	[9.6, 10.4, 10.6, 11.6, 13.4, 13.6, 14.4]
105.2	[10.0, 11.0, 14.0, 15.0]
105.36	[10.8, 13.2]
105.44	[10.6, 13.4]
105.6	[10.0, 15.0]
105.76	[8.2, 11.2, 11.8, 12.2, 13.8, 15.8]
105.84	[11.4, 11.6, 12.4, 12.6, 15.6]
106.0	[10.0, 11.0, 12.0, 14.0]
106.16	[11.2, 11.8, 12.2, 12.8]
106.24	[8.6, 9.6, 10.4, 11.4, 11.6, 12.4, 12.6, 14.4, 14.6, 15.4, 15.6]
106.4	[11.0, 13.0]
106.56	[10.2, 11.2, 11.8, 12.2, 12.8, 13.8]
106.64	[10.4, 11.6, 12.4, 13.4, 14.6]
106.8	[9.0, 10.0, 11.0, 12.0, 13.0, 14.0, 15.0]
107.04	[10.6, 11.4, 13.4, 13.6, 14.6]
107.2	[9.0, 11.0, 12.0, 13.0, 15.0]
107.44	[9.4, 10.4, 11.4, 11.6, 12.4, 12.6, 13.6, 14.6, 15.6]
107.6	[11.0, 14.0]
107.76	[10.8, 11.8, 13.2, 15.2]
107.84	[9.4, 10.4, 13.6, 14.6]
108.0	[11.0, 13.0]
108.16	[10.8, 11.8, 12.2, 13.2, 14.2]
108.4	[10.0, 14.0]
108.56	[9.8, 10.8, 11.2, 12.8, 14.2, 15.2]
108.64	[9.4, 11.4, 12.6, 13.6, 14.6]
108.96	[9.8, 14.2]
109.04	[10.4, 11.6, 13.4, 13.6]
109.36	[9.8, 10.8, 11.2, 13.2, 14.2, 14.8]
109.44	[8.4, 10.6, 11.4, 11.6, 12.4, 12.6, 13.4, 15.6]
109.76	[10.2, 10.8, 11.2, 14.2, 14.8]
110.0	[11.0, 13.0]
110.16	[8.8, 10.2, 10.8, 11.2, 13.2, 13.8, 14.8, 15.2]
110.56	[9.8, 10.2, 11.8, 12.2, 13.8, 14.2]
110.64	[11.4, 11.6, 12.4, 13.6]
110.8	[12.0]
110.96	[9.2, 11.2, 13.8, 14.8]
111.04	[10.4, 10.6, 11.4, 12.6, 13.6, 15.4]
111.36	[9.2, 10.2, 11.2, 11.8, 12.2, 12.8, 13.8, 14.8]
111.44	[10.6, 14.4]
111.76	[10.8, 11.2, 12.8, 13.2]
111.84	[9.6, 15.4]
112.24	[9.6, 10.6, 11.6, 12.4, 13.4, 14.4]
112.56	[11.2, 13.8]
112.64	[10.6, 13.4]
112.8	[11.0, 13.0, 15.0]
112.96	[10.2, 11.2, 12.8, 13.8]
113.04	[9.6, 14.4]
113.2	[10.0, 11.0, 14.0, 15.0]
113.44	[8.6, 11.4, 12.6, 15.4]
113.6	[10.0, 11.0, 14.0]
113.84	[10.6, 13.4]
114.0	[10.0, 14.0]
114.16	[10.8, 13.2]
114.4	[9.0, 11.0, 13.0, 15.0]
114.64	[10.4, 14.6]
114.8	[11.0, 14.0]
114.96	[11.2, 12.8]
115.04	[10.4, 14.6]
115.2	[10.0, 11.0, 12.0, 13.0, 14.0]
115.36	[11.8, 12.2]
115.44	[9.4, 10.4, 13.6, 14.6]
115.84	[9.4, 10.6, 11.6, 12.4, 13.4, 14.6]
116.16	[10.8, 15.2]
116.24	[10.4, 13.6]
116.56	[9.8, 10.8, 14.2, 15.2]
116.64	[11.4, 12.6]
116.8	[11.0, 13.0]
116.96	[9.8, 14.2]
117.36	[10.8, 13.2, 14.2]
117.76	[8.8, 9.8, 10.8, 11.2, 12.8, 13.2, 14.2, 15.2]
117.84	[10.4, 13.6]
118.16	[10.2, 14.8]
118.56	[10.2, 13.8]
118.96	[9.2, 10.2, 10.8, 13.2, 13.8, 14.8]
119.2	[11.0, 13.0]
119.84	[10.6, 14.4]
120.16	[10.2, 13.8]
120.24	[9.6, 10.6, 14.4]
120.64	[9.6, 10.6, 13.4, 14.4]
120.96	[10.8, 13.2]
121.44	[10.6, 13.4]
121.6	[10.0, 15.0]
122.0	[10.0, 14.0]
122.4	[9.0, 15.0]
122.8	[10.0, 14.0]
123.04	[10.6, 13.4]
123.44	[10.4, 14.6]
123.84	[9.4, 10.4, 13.6, 14.6]
124.24	[10.4, 13.6]
125.36	[9.8, 14.2]
125.44	[10.4, 13.6]
125.76	[9.8, 14.2]
126.96	[10.2, 14.8]
127.36	[9.2, 10.2, 13.8, 14.8]
128.16	[10.2, 13.8]
129.04	[9.6, 14.4]
130.8	[10.0, 14.0]
131.2	[10.0, 14.0]
132.64	[9.4, 14.6]
134.56	[9.8, 14.2]
138.24	[9.6, 14.4]
